0.3437838535480516
0.08992094640586723
0.17188718335756764
0.10036594951742073
0.13754484796808208
0.2836942534494966
0.1702791651673694
0.204275231153066
0.15226525047619033
0.2719574599137622
0.09162541406470082
0.15189052057345975
0.12803904132160016
0.18415998295670155
0.04971100481792945
0.16858260320268625
0.16626623481660907
0.13807611061499125
0.23052213573250713
0.16359885361025261
0.11959892224659674
0.08282795761409778
0.19198187674914102
0.12785404807848
0.14819065569170542
0.10926301768363089
0.2228789105652682
0.10440575919896844
0.16772246363201138
0.09331407030902472
0.13009294062534416
0.21410517119958072
0.26443123900827903
0.12826198186061788
0.1422518982252967
0.12207182334256661
0.20384674247285872
0.17175120536994104
0.11837670189769156
0.19209888096861327
0.23308674284944164
0.06967604480586598
0.16855098037874416
0.23228036204632385
0.06365981155907541
0.09632455864066447
0.25303439032421426
0.18448885978154284
0.21663815560466837
0.1851086662907413
0.08912721473819651
0.36408567622869015
0.13742310031676297
0.1978131168100603
0.10655927034479973
0.1407498164162
0.0782442361676523
0.11159519752004066
0.32085734060197524
0.1365439871269878
