0.0033330406538175155	0.0014623779042367369
0.00666766244646512	0.005850898825887408
0.010002284239111522	0.01316556284717915
0.013336906031757297	0.023406369968112413
0.016671527824403072	0.03657332018867716
0.020006149617048847	0.05266641350888033
0.02334077140969462	0.07168564992872126
0.026675393202340397	0.09363102944822974
0.03001001499498617	0.11807006117405333
0.03334463678763654	0.14576627547414675
0.036679258580289635	0.17573188061099482
0.04001388037294273	0.20913621235172733
0.04334850216559582	0.24454295623758793
0.04668312395824891	0.2836126879569911
0.050017745750902	0.32495177886691795
0.053352367543555095	0.3680745716145878
0.056686989336208186	0.4153806292365924
0.06002161112886128	0.4656094385876686
0.06335623292151436	0.5187361085011161
0.06669085471416746	0.5747496032268898
0.07002547650682055	0.6336447087137718
0.07336009829947364	0.6954187976885925
0.07669472009212673	0.7532263092484022
0.08002934188477982	0.8166194781396979
0.08336396367743291	0.8851529080787922
0.086698585470086	0.9567214112641745
0.0900332072627391	1.031274778393278
0.09336782905539219	1.1087748824658903
0.09670245084804528	1.1807972764631105
0.10003707264069837	1.2629528660256277
0.10337169443335147	1.343892742548509
0.10670631622600456	1.4314342151403903
0.11004093801865765	1.517671863935603
0.11337555981131074	1.609965809930922
0.11671018160396383	1.6956718017482184
0.12004480339661693	1.7757629907773989
0.12337942518927002	1.8631388405241271
0.1267140469819231	1.9630234316038864
0.1300486687745762	2.0516824359829124
0.13338329056722928	2.148282546278489
0.13671791235988237	2.246159371709704
0.14005253415253546	2.3521330462974537
0.14338715594518855	2.437795806583911
0.14672177773784165	2.5458434565097066
0.15005639953049474	2.6522758150327475
0.15339102132314783	2.767611242516356
0.15672564311580092	2.8873325848159617
0.16006026490845401	2.998279151554421
0.1633948867011071	3.0882297115835966
0.1667295084937602	3.199092807941743
0.1700641302864133	3.295311891532449
0.17339875207906638	3.422235909662104
0.17673337387171947	3.536542183486668
0.18006799566437257	3.649052721042364
0.18340261745702566	3.7766228253147855
0.18673723924967875	3.9080092331682392
0.19007186104233184	4.038308870261999
0.19340648283498493	4.144122049556037
0.19674110462763802	4.241906186749632
0.20007572642029112	4.356297936520102
0.2034103482129442	4.410719453641771
0.2067449700055973	4.513733885606453
0.2100795917982504	4.601202423299411
0.21341421359090348	4.712541163368308
0.21674883538355658	4.837043719491589
0.22008345717620967	4.958851745244344
0.22341807896886276	5.076187309792357
0.22675270076151585	5.202643489287443
0.23008732255416894	5.299754026472395
0.23342194434682204	5.400446615997464
0.23675656613947513	5.510113635706421
0.24009118793212822	5.6113579198284
0.2434258097247813	5.7030719686533
0.2467604315174344	5.751244540676041
0.25009505331008747	5.836765409770507
0.25342967510274056	5.899291933800618
0.25676429689539365	5.993294181286314
0.26009891868804674	6.102768047912884
0.26343354048069983	6.160691567677038
0.2667681622733529	6.286095663122792
0.270102784066006	6.3907539326566605
0.2734374058586591	6.423174915676279
0.2767720276513122	6.504693684540287
0.2801066494439653	6.589508299372082
0.2834412712366184	6.698529873714409
0.2867758930292715	6.761565420606585
0.29011051482192457	6.825351812320238
0.29344513661457766	6.885700685289274
0.29677975840723075	6.940292814652542
0.30011438019988385	7.0128807779755595
0.30344900199253694	7.036962593570896
0.30678362378519003	7.097063534532897
0.3101182455778431	7.088005112190945
0.3134528673704962	7.096788349438715
0.3167874891631493	7.06905738176822
0.3201221109558024	7.142462958779437
0.3234567327484555	7.241749116615362
0.3267913545411086	7.285544318928175
0.3301259763337617	7.304379648077484
0.33346059812641476	7.308938810637573
0.33679521991906786	7.397465129964938
0.34012984171172095	7.3866970176464335
0.34346446350437404	7.36710008100289
0.34679908529702713	7.429280881056608
0.3501337070896802	7.4516270344281095
0.3534683288823333	7.392185228771621
0.3568029506749864	7.502549668980495
0.3601375724676395	7.471087542319602
0.3634721942602926	7.366726559680613
0.3668068160529457	7.24904406914841
0.3701414378455988	7.104866440106466
0.37347605963825187	7.0030618866219845
0.37681068143090496	6.8580388262225505
0.38014530322355805	6.812914984571825
0.38347992501621114	6.737683387938063
0.38681454680886423	6.6518911646645815
0.3901491686015173	6.4835710386774545
0.3934837903941704	6.218103585259341
0.3968184121868235	5.970125272455848
0.4001530339794766	5.730076463316711
0.4034876557721297	5.58796282454194
0.4068222775647828	5.423176961374372
0.4101568993574359	5.280372387498824
0.41349152115008897	5.119663240802096
0.41682614294274206	5.036028512936753
0.42016076473539515	5.0202613648159495
0.42349538652804825	4.9226207080611495
0.42683000832070134	4.802046270402382
0.43016463011335443	4.501645312489066
0.4334992519060075	4.363253293249623
0.4368338736986606	4.103515390944473
0.4401684954913137	3.8490050188438434
0.4435031172839668	3.614864478887476
0.4468377390766199	3.2380592094359653
0.450172360869273	3.0880202250698967
0.4535069826619261	2.729774148529467
0.45684160445457916	2.46009608865967
0.46017622624723226	2.288834305699478
0.46351084803988535	2.0710763689413585
0.46684546983253844	1.9211732767057796
0.47018009162519153	1.8526407663643956
0.4735147134178446	1.768106888853131
0.4768493352104977	1.3507200724645303
0.4801839570031508	1.0723928231686535
0.4835185787958039	0.8790767765503485
0.486853200588457	0.6461457378470101
0.4901878223811101	0.6051428011416444
0.4935224441737632	0.45776599102433513
0.49685706596641627	0.33745369311442863
0.5001916877590693	0.1389367348483593
0.5035263095517224	0.0945865445187887
0.5068609313443755	0.07298517315022875
0.5101955531370286	0.0673322188243803
0.5135301749296817	0.06483969617157259
0.5168647967223348	0.0659795194101869
0.5201994185149879	0.06376858553678465
0.523534040307641	0.06418014994236948
0.526868662100294	0.06550386076705103
0.5302032838929471	0.06947603225012675
0.5335379056856002	0.06922366146017335
0.5368725274782533	0.06998605075874793
0.5402071492709064	0.06771143290683955
0.5435417710635595	0.06302171646474611
0.5468763928562126	0.06089259217362807
0.5502110146488657	0.06044365547500683
0.5535456364415188	0.06021256042845103
0.5568802582341719	0.0605800708370217
0.560214880026825	0.061267492282498434
0.563549501819478	0.06240196063510592
0.5668841236121311	0.06308055086169573
0.5702187454047842	0.06324922711117106
0.5735533671974373	0.06462915155691204
0.5768879889900904	0.0668307746699395
0.5802226107827435	0.06833436699190737
0.5835572325753966	0.07101915440108555
0.5868918543680497	0.06897953935238312
0.5902264761607028	0.06530927754250661
0.5935610979533559	0.0639305838277041
0.596895719746009	0.052132694372651306
0.6002303415386621	0.05206762569372132
0.6035649633313152	0.051919076192108664
0.6068995851239682	0.0525039042937088
0.6102342069166213	0.051001647305916054
0.6135688287092744	0.05148411986946071
0.6169034505019275	0.052771113877848747
0.6202380722945806	0.049199804987544164
0.6235726940872337	0.048094836877319774
0.6269073158798868	0.04408827486187207
0.6302419376725399	0.040827307831356074
0.633576559465193	0.04011096953547915
0.6369111812578461	0.03695284829757672
0.6402458030504992	0.0334911460595514
0.6435804248431523	0.032780431660540246
0.6469150466358053	0.02801593232695891
0.6502496684284584	0.026389899397864736
0.6535842902211115	0.025551063350006786
0.6569189120137646	0.025662816273423164
0.6602535338064177	0.02631959517603383
0.6635881555990708	0.027290825509039163
0.6669227773917239	0.02493813699864467
0.670257399184377	0.02407582845952839
0.6735920209770301	0.02248147472753769
0.6769266427696832	0.02260910191273523
0.6802612645623363	0.023065227362266544
0.6835958863549894	0.024009290960828215
0.6869305081476424	0.02512276194631212
0.6902651299402955	0.02427349508493822
0.6935997517329486	0.024554231803822452
0.6969343735256017	0.017382193538925842
0.7002689953182548	0.014995878169521363
0.7036036171109079	0.015261271926334308
0.706938238903561	0.015400704807755785
0.7102728606962141	0.01435398949430127
0.7136074824888672	0.01398004968452856
0.7169421042815203	0.013212642490964434
0.7202767260741734	0.013438254537058174
0.7236113478668265	0.012968617758042499
0.7269459696594796	0.012856439205997642
0.7302805914521326	0.013265393373865902
0.7336152132447857	0.013177323218940202
0.7369498350374388	0.012557822803989893
0.7402844568300919	0.012642788786941965
0.743619078622745	0.013014832305853775
0.7469537004153981	0.011665376324657264
0.7502883222080512	0.0096190688185563
0.7536229440007043	0.007525913979548851
0.7569575657933574	0.007211317626931457
0.7602921875860105	0.00704054185028609
0.7636268093786636	0.007203275916532543
0.7669614311713167	0.007498284725943781
0.7702960529639697	0.007972959136536426
0.7736306747566228	0.00835009206798747
0.7769652965492759	0.00898687700160062
0.780299918341929	0.00961403167210582
0.7836345401345821	0.010355049976645513
0.7869691619272352	0.010890288625671705
0.7903037837198883	0.01173008419834346
0.7936384055125414	0.012615498045830058
0.7969730273051945	0.013462745374977565
0.8003076490978476	0.01399602114745069
0.8036422708905007	0.012400187183923885
0.8069768926831538	0.012411782590837925
0.8103115144758068	0.011894787408152132
0.8136461362684599	0.011806281392638757
0.816980758061113	0.007361034390355436
0.8203153798537661	0.005449416749869153
0.8236500016464192	0.004203034123386735
0.8269846234390723	0.0038438719978405615
0.8303192452317254	0.002895786443983986
0.8336538670243785	0.002584008329672703
0.8369884888170316	0.002285019072665093
0.8403231106096847	0.002255423270587488
0.8436577324023378	0.0020452233407701964
0.8469923541949909	0.0019440252651931023
0.850326975987644	0.002071674114588862
0.853661597780297	0.0022738172098719844
0.8569962195729501	0.0025252484187010585
0.8603308413656032	0.0020319501457699393
0.8636654631582563	0.0018948385194651213
0.8670000849509094	0.0017582000249111481
0.8703347067435625	0.0017780471745498171
0.8736693285362156	0.0018569082065185904
0.8770039503288687	0.0018344431584950648
0.8803385721215218	0.001849641887041907
0.8836731939141749	0.0017352404319920351
0.887007815706828	0.001776362321161432
0.890342437499481	0.0018612895649964096
0.8936770592921341	0.001937905941413954
0.8970116810847872	0.002069197244593886
0.9003463028774403	0.002165060996776316
0.9036809246700934	0.00191709800789728
0.9070155464627465	0.0019981618185359686
0.9103501682553996	0.0018927864506171122
0.9136847900480527	0.00192576821764878
0.9170194118407058	0.001900859624682002
0.9203540336333589	0.0019698127905055404
0.923688655426012	0.002073227147272982
0.9270232772186651	0.0021714569019921815
0.9303578990113182	0.002254860101397211
0.9336925208039712	0.0023799569641925838
0.9370271425966243	0.002467822813903277
0.9403617643892774	0.0021496373973841983
0.9436963861819305	0.0018579542044085547
0.9470310079745836	0.0018747657866046998
0.9503656297672367	0.0018249070085169774
0.9537002515598898	0.001717821936842308
0.9570348733525429	0.0017822141688114959
0.960369495145196	0.0018083668813804808
0.9637041169378491	0.001713466152107329
0.9670387387305022	0.0017075854129262496
0.9703733605231553	0.0016467057128772772
0.9737079823158084	0.0016540690446744436
0.9770426041084614	0.0016825584675707462
0.9803772259011145	0.0017552917126551584
0.9837118476937676	0.0017589099235518877
0.9870464694864207	0.0018387768908030692
0.9903810912790738	0.0019431175709030393
0.9937157130717269	0.0019584283325101296
0.99705033486438	0.0019170198624921257
1.000384956657033	0.001927455661013065
1.0037195784496862	0.0020440329650769705
1.0070542002423393	0.002201365655374607
1.0103888220349924	0.0022281344532098803
1.0137234438276455	0.0019060774589746224
1.0170580656202985	0.0016864992457259055
1.0203926874129516	0.0016661149617018388
1.0237273092056047	0.0017251825701976558
1.0270619309982578	0.0018338980725897773
1.030396552790911	0.001937709277024585
1.033731174583564	0.0020289501618089584
1.037065796376217	0.002149318854156078
1.0404004181688702	0.0017216462291986929
1.0437350399615233	0.0012784568345712193
1.0470696617541764	0.0012802481520919117
1.0504042835468295	0.0013481414708394924
1.0537389053394826	0.001465639270373704
1.0570735271321356	0.0014679216606075245
1.0604081489247887	0.0013380029298594527
1.0637427707174418	0.001429057060548383
1.067077392510095	0.0015152675545475963
1.070412014302748	0.0014713098781464877
1.073746636095401	0.0016025238214127352
1.0770812578880542	0.001016156852685903
1.0804158796807073	9.327440358067742E-4
1.0837505014733604	9.852411640547333E-4
1.0870851232660135	8.840583099544662E-4
1.0904197450586666	9.38397108024218E-4
1.0937543668513197	0.001014412425778892
1.0970889886439728	0.0011048598838707894
1.1004236104366258	8.300639502526822E-4
1.103758232229279	8.518859345232001E-4
1.107092854021932	8.006719960855209E-4
1.1104274758145851	6.223069312061553E-4
1.1137620976072382	6.254469664840481E-4
1.1170967193998913	6.38701922759812E-4
1.1204313411925444	6.528430257956486E-4
1.1237659629851975	6.642537484045613E-4
1.1271005847778506	7.024468044084409E-4
1.1304352065705037	7.060617843066269E-4
1.1337698283631568	7.533721950567506E-4
1.1371044501558099	8.049283454789007E-4
1.140439071948463	8.59582476880441E-4
1.143773693741116	8.832852880948159E-4
1.1471083155337691	8.869547204195417E-4
1.1504429373264222	9.086380834904439E-4
1.1537775591190753	9.364117927580424E-4
1.1571121809117284	9.615380231640485E-4
1.1604468027043815	0.0010059937994001446
1.1637814244970346	0.0010746169593721384
1.1671160462896877	0.0011579655284150489
1.1704506680823408	0.0011130535833782519
1.1737852898749939	0.0011739679856040417
1.177119911667647	0.0012446263453768983
1.1804545334603	0.0013511473437166257
1.1837891552529531	0.0012762567763978572
1.1871237770456062	0.0014057588971542355
1.1904583988382593	0.0015670910756965528
1.1937930206309124	0.00168344904322482
1.1971276424235655	0.0017593238654672384
1.2004622642162186	0.0019179448172639368
1.2037968860088717	0.0021012409279327206
1.2071315078015248	0.0023066230187368995
1.2104661295941779	0.0025214249580022916
1.213800751386831	0.002765927571768225
1.217135373179484	0.0030394974977090263
1.2204699949721372	0.003334670982458737
1.2238046167647902	0.0036469820499296975
1.2271392385574433	0.003964187386548403
1.2304738603500964	0.004321322237835174
1.2338084821427495	0.004714768517861874
1.2371431039354026	0.005152087195624389
1.2404777257280557	0.005629516018174699
1.2438123475207088	0.006144289248854047
1.2471469693133619	0.0025782857740890832
1.250481591106015	0.001721968139140529
1.253816212898668	0.0013667699527533375
1.2571508346913212	0.0011778942612244293
1.2604854564839743	0.0010972785598306965
1.2638200782766273	0.0010684060237273537
1.2671547000692804	9.881215650442844E-4
1.2704893218619335	9.426456392369791E-4
1.2738239436545866	9.509076931511864E-4
1.2771585654472397	9.72397661913331E-4
1.2804931872398928	9.087354547452046E-4
1.283827809032546	8.991620622392853E-4
1.287162430825199	9.295754012575517E-4
1.290497052617852	9.64880466029467E-4
1.2938316744105052	0.0010104854377202077
1.2971662962031583	0.0010657187944219325
1.3005009179958114	0.0010687449080368787
1.3038355397884644	0.0011049815360993406
1.3071701615811175	0.0011428119214079116
1.3105047833737706	0.0011950484098479464
1.3138394051664237	0.0012675772051171607
1.3171740269590768	0.0013402101521678203
1.32050864875173	0.001427884904522215
1.323843270544383	0.0015275307160900525
1.327177892337036	0.0016402033001062359
1.3305125141296892	0.0015535742805956945
1.3338471359223423	0.0014456363001111067
1.3371817577149954	0.0011811808743275509
1.3405163795076485	0.0010859215539553073
1.3438510013003016	0.0010782358010914949
1.3471856230929546	0.0010469454295859112
1.3505202448856077	0.0010660865302075712
1.3538548666782608	0.0011035152870143951
1.357189488470914	0.0011470808274349922
1.360524110263567	0.001029025202534315
1.36385873205622	0.0010700248347315494
1.3671933538488732	0.0011136166136531181
1.3705279756415263	0.0011721224571141478
1.3738625974341794	0.0011940135000417403
1.3771972192268325	0.0011377415778739922
1.3805318410194856	0.001187252367349323
1.3838664628121387	0.0010431440103588854
1.3872010846047917	0.0010460448763028873
1.3905357063974448	3.188500387197027E-4
1.393870328190098	2.992089387811431E-4
1.397204949982751	2.924121882452799E-4
1.4005395717754041	3.000124904014836E-4
1.4038741935680572	3.0085621574009805E-4
1.4072088153607103	3.156427676618035E-4
1.4105434371533634	3.3353474489627614E-4
1.4138780589460165	3.5402931260326566E-4
1.4172126807386696	3.4979094025634685E-4
1.4205473025313227	3.614768953682343E-4
1.4238819243239758	3.634338146897175E-4
1.4272165461166288	3.694258224782438E-4
1.430551167909282	3.8870452423347973E-4
1.433885789701935	3.7885740855083484E-4
1.4372204114945881	3.973343123614742E-4
1.4405550332872412	3.8974352711055606E-4
1.4438896550798943	4.0109339351008274E-4
1.4472242768725474	3.994388311794216E-4
1.4505588986652005	4.095431106976591E-4
1.4538935204578536	4.3953904043376454E-4
1.4572281422505067	4.6932284079896706E-4
1.4605627640431598	4.954191910702637E-4
1.4638973858358129	5.270880307183053E-4
1.467232007628466	5.250881293478915E-4
1.470566629421119	5.372235886805397E-4
1.4739012512137721	5.658795699390648E-4
1.4772358730064252	5.969163921557253E-4
1.4805704947990783	6.344283841992312E-4
1.4839051165917314	6.613357798733768E-4
1.4872397383843845	6.987222828870103E-4
1.4905743601770376	7.330155159470465E-4
1.4939089819696907	7.830216974253212E-4
1.4972436037623438	8.386039729807361E-4
1.5005782255549969	6.775048646856864E-4
1.50391284734765	6.531764050562707E-4
1.507247469140303	6.535891357051756E-4
1.5105820909329561	6.365129652396244E-4
1.5139167127256092	6.492035204675579E-4
1.5172513345182623	6.806870132198017E-4
1.5205859563109154	7.264129405101437E-4
1.5239205781035685	7.504227575532433E-4
1.5272551998962216	7.415971218431584E-4
1.5305898216888747	7.278565217201384E-4
1.5339244434815278	6.078399278301453E-4
1.5372590652741809	6.049437726147574E-4
1.540593687066834	6.325452848909297E-4
1.543928308859487	6.740581446390491E-4
1.5472629306521402	7.263407213437305E-4
1.5505975524447932	6.687862060323435E-4
1.5539321742374463	7.128897790736468E-4
1.5572667960300994	7.072007755914735E-4
1.5606014178227525	5.79807632257523E-4
1.5639360396154056	5.624083204037076E-4
1.5672706614080587	5.86403837929598E-4
1.5706052832007118	6.140502398809961E-4
1.573939904993365	5.375369751185889E-4
1.577274526786018	5.207431390104293E-4
1.580609148578671	5.411259445255911E-4
1.5839437703713242	5.589436284677566E-4
1.5872783921639773	5.468365227186072E-4
1.5906130139566304	5.611703541778087E-4
1.5939476357492834	5.925352453385654E-4
1.5972822575419365	6.018119738061865E-4
1.6006168793345896	5.583498550837983E-4
1.6039515011272427	5.851130187606126E-4
1.6072861229198958	5.662263206032801E-4
1.610620744712549	5.94669633598386E-4
1.613955366505202	6.018514607928952E-4
1.617289988297855	5.684057994570751E-4
1.6206246100905082	5.482653343892354E-4
1.6239592318831613	5.638990981091543E-4
1.6272938536758144	5.852168450031441E-4
1.6306284754684675	6.348043476436463E-4
1.6339630972611205	6.899264097938794E-4
1.6372977190537736	6.644547725549047E-4
1.6406323408464267	5.722247785246834E-4
1.6439669626390798	6.021660924353327E-4
1.647301584431733	5.404619251188243E-4
1.650636206224386	5.894164412597617E-4
1.653970828017039	5.577813366136187E-4
1.6573054498096922	6.046272683492697E-4
1.6606400716023453	5.076670604753004E-4
1.6639746933949984	3.7875430064327837E-4
1.6673093151876515	3.6289822668931094E-4
1.6706439369803046	3.7079758276868397E-4
1.6739785587729576	3.843721055849036E-4
1.6773131805656107	4.0188272275806634E-4
1.6806478023582638	2.9092254728404246E-4
1.683982424150917	2.938129151719562E-4
1.68731704594357	2.5933548950138644E-4
1.690651667736223	2.445512414353831E-4
1.6939862895288762	2.544301581628177E-4
1.6973209113215293	2.5645465299009774E-4
1.7006555331141824	2.4757578574243025E-4
1.7039901549068355	2.469517635595476E-4
1.7073247766994886	2.2632867621197528E-4
1.7106593984921417	2.3434882259345863E-4
1.7139940202847948	2.308355858362243E-4
1.7173286420774478	2.4872478614161326E-4
1.720663263870101	2.6801170542674574E-4
1.723997885662754	2.855757128433407E-4
1.7273325074554071	2.916699994267436E-4
1.7306671292480602	3.1044821383558266E-4
1.7340017510407133	3.323221161807717E-4
1.7373363728333664	3.3779865886760354E-4
1.7406709946260195	3.691731768001256E-4
1.7440056164186726	4.1105732429107223E-4
1.7473402382113257	4.691683894736491E-4
1.7506748600039788	5.5266266043989E-4
1.7540094817966319	6.529902929964834E-4
1.757344103589285	7.249547096948029E-4
1.760678725381938	8.332818285107024E-4
1.7640133471745911	9.502152935877218E-4
1.7673479689672442	0.0010835249546349076
1.7706825907598973	0.0012304717799754713
1.7740172125525504	6.722640105672292E-4
1.7773518343452035	2.0380990543079658E-4
1.7806864561378566	1.9735936075518693E-4
1.7840210779305097	2.0485973759322998E-4
1.7873556997231628	2.054926931111983E-4
1.7906903215158159	2.1206153290739078E-4
1.794024943308469	2.0213081999322145E-4
1.797359565101122	2.0535513831342156E-4
1.8006941868937751	2.175900139059718E-4
1.8040288086864282	2.317302800923642E-4
1.8073634304790813	2.472967366669704E-4
1.8106980522717344	2.620257569929707E-4
1.8140326740643875	2.8011633287383E-4
1.8173672958570406	2.971224175104845E-4
1.8207019176496937	3.154038534869768E-4
1.8240365394423468	3.375885624243947E-4
1.8273711612349999	3.608645858264033E-4
1.830705783027653	3.8598300938708763E-4
1.834040404820306	4.129746353980966E-4
1.8373750266129592	3.959115365714744E-4
1.8407096484056122	3.986793383912219E-4
1.8440442701982653	4.0888077923628344E-4
1.8473788919909184	4.076239414707723E-4
1.8507135137835715	3.2535139451564724E-4
1.8540481355762246	3.112352715681862E-4
1.8573827573688777	3.2622930059108033E-4
1.8607173791615308	3.448671629875125E-4
1.8640520009541839	3.6576426327543176E-4
1.867386622746837	3.8930616701757085E-4
1.87072124453949	4.1545450334925024E-4
1.8740558663321432	3.2867312749099565E-4
1.8773904881247963	3.408845307163856E-4
1.8807251099174493	3.552348805849342E-4
1.8840597317101024	3.5664412245997774E-4
1.8873943535027555	3.7577418754269497E-4
1.8907289752954086	3.973109438845658E-4
1.8940635970880617	4.2095136356799773E-4
1.8973982188807148	4.4665912979114487E-4
1.900732840673368	4.744218177662071E-4
1.904067462466021	4.929913797972751E-4
1.907402084258674	5.163940888529152E-4
1.9107367060513272	5.312690902497451E-4
1.9140713278439803	5.45432447343822E-4
1.9174059496366334	5.698081069153356E-4
1.9207405714292864	5.763509811775197E-4
1.9240751932219395	6.000459558251151E-4
1.9274098150145926	6.234166237689503E-4
1.9307444368072457	5.109140394508052E-4
1.9340790585998988	5.403690822561192E-4
1.937413680392552	5.797680485149638E-4
1.940748302185205	6.204620226093274E-4
1.944082923977858	6.678130690578632E-4
1.9474175457705112	6.937204471873945E-4
1.9507521675631643	5.917681545525807E-4
1.9540867893558174	3.741153100011236E-4
1.9574214111484705	3.6565526631117753E-4
1.9607560329411236	3.7380805079369233E-4
1.9640906547337766	3.4775761471287167E-4
1.9674252765264297	3.039638589119977E-4
1.9707598983190828	2.5567278781307023E-4
1.974094520111736	2.2506637557147038E-4
1.977429141904389	2.3038697153507446E-4
1.980763763697042	2.406560783622399E-4
1.9840983854896952	2.5462993699790866E-4
1.9874330072823483	2.2565852948662772E-4
1.9907676290750014	2.3439686351350424E-4
1.9941022508676545	1.4207975930496356E-4
1.9974368726603076	1.4176293772694235E-4
2.0007714944529607	1.2401181224576147E-4
2.0041061162456137	1.0886411599682409E-4
2.007440738038267	1.1397795759303775E-4
2.01077535983092	1.235316712921629E-4
2.014109981623573	1.2745895307354234E-4
2.017444603416226	1.317579320413537E-4
2.020779225208879	1.3796383429420705E-4
2.0241138470015323	1.451804610687841E-4
2.0274484687941854	1.5322184969191014E-4
2.0307830905868385	1.5289081604357178E-4
2.0341177123794916	1.5719014455049465E-4
2.0374523341721447	1.256789111583196E-4
2.0407869559647978	1.0186211537030052E-4
2.044121577757451	1.0661571020428177E-4
2.047456199550104	1.1379896423581108E-4
2.050790821342757	1.1338169030285086E-4
2.05412544313541	1.120994107651203E-4
2.057460064928063	1.1299387728156726E-4
2.0607946867207163	1.1657881590510199E-4
2.0641293085133694	9.90174338380928E-5
2.0674639303060225	7.627524722624693E-5
2.0707985520986756	8.089958387469235E-5
2.0741331738913287	7.152545409968196E-5
2.0774677956839818	6.853112285101278E-5
2.080802417476635	7.141956138039599E-5
2.084137039269288	6.9032390123385E-5
2.087471661061941	6.849549839982181E-5
2.090806282854594	6.938629670052109E-5
2.0941409046472472	7.086446229751328E-5
2.0974755264399003	7.305478476138627E-5
2.1008101482325534	7.092071810284401E-5
2.1041447700252065	7.166115359536084E-5
2.1074793918178596	6.889334320822113E-5
2.1108140136105127	6.61919681090513E-5
2.1141486354031658	5.471788866000164E-5
2.117483257195819	5.4721029665950096E-5
2.120817878988472	4.230376479654333E-5
2.124152500781125	3.36737923921815E-5
2.127487122573778	3.058113578872276E-5
2.1308217443664312	2.8204657379282143E-5
2.1341563661590843	2.522154781184174E-5
2.1374909879517374	2.425963709126819E-5
2.1408256097443905	2.4202101736581416E-5
2.1441602315370436	2.455373780806484E-5
2.1474948533296967	2.5163339036012616E-5
2.15082947512235	2.5958412006480664E-5
2.154164096915003	2.6899882201655957E-5
2.157498718707656	2.796655795776547E-5
2.160833340500309	2.9147683215198098E-5
2.164167962292962	3.0445303619297893E-5
2.1675025840856152	2.5951333199120245E-5
2.1708372058782683	2.5071979088138944E-5
2.1741718276709214	2.61420185051583E-5
2.1775064494635745	2.507535624067649E-5
2.1808410712562276	2.5979575785121008E-5
2.1841756930488807	2.2631456141118028E-5
2.187510314841534	2.2451668817669903E-5
2.190844936634187	2.3444679430485053E-5
2.19417955842684	2.1748805070869E-5
2.197514180219493	2.201032448006544E-5
2.200848802012146	2.2808525328643138E-5
2.2041834238047993	2.3825025291620404E-5
2.2075180455974523	2.4854897695367775E-5
2.2108526673901054	1.963336714681145E-5
2.2141872891827585	1.893689075003788E-5
2.2175219109754116	1.9070272742839353E-5
2.2208565327680647	1.949579181210213E-5
2.224191154560718	1.9277145183342333E-5
2.227525776353371	1.8373795939436456E-5
2.230860398146024	1.6875866406423568E-5
2.234195019938677	1.593078972036361E-5
2.23752964173133	1.54416468437707E-5
2.2408642635239833	1.5228408595244558E-5
2.2441988853166364	1.512884080344075E-5
2.2475335071092895	1.5130284209089818E-5
2.2508681289019425	1.5226634164092444E-5
2.2542027506945956	1.540669563059616E-5
2.2575373724872487	1.4715236566846865E-5
2.260871994279902	1.4944811150618834E-5
2.264206616072555	1.52731349278707E-5
2.267541237865208	1.6119711904260988E-5
2.270875859657861	1.719481098083039E-5
2.274210481450514	1.833488926036523E-5
2.2775451032431673	1.9542843277999208E-5
2.2808797250358204	2.0819997494931935E-5
2.2842143468284735	2.2168195856686502E-5
2.2875489686211266	2.359019101508135E-5
2.2908835904137796	1.6251819233286055E-5
2.2942182122064327	1.3730075511960733E-5
2.297552833999086	1.3861010083192207E-5
2.300887455791739	1.4487459245415632E-5
2.304222077584392	1.553019228341756E-5
2.307556699377045	1.4259535299648476E-5
2.310891321169698	1.537584905479471E-5
2.3142259429623513	1.652190738859409E-5
2.3175605647550044	1.7665799199610358E-5
2.3208951865476575	1.883378661913757E-5
2.3242298083403106	1.9916931046862708E-5
2.3275644301329637	2.119499161436806E-5
2.3308990519256167	2.250005104913192E-5
2.33423367371827	2.3884894355667626E-5
2.337568295510923	2.5375244944048226E-5
2.340902917303576	2.6976066231105592E-5
2.344237539096229	2.8716130159841978E-5
2.347572160888882	3.0585355624264485E-5
2.3509067826815353	3.257097408568509E-5
2.3542414044741884	3.4683960279841484E-5
2.3575760262668415	3.693268885737275E-5
2.3609106480594946	3.9325797210569E-5
2.3642452698521477	4.1873032014257636E-5
2.3675798916448008	3.0323227548992904E-5
2.370914513437454	3.0244483182144313E-5
2.374249135230107	3.160654897154004E-5
2.37758375702276	3.412126327660383E-5
2.380918378815413	3.676263049793348E-5
2.384253000608066	3.9430905683859656E-5
2.3875876224007193	4.213384252074866E-5
2.3909222441933724	4.488932794443512E-5
2.3942568659860255	4.7716926294963776E-5
2.3975914877786786	5.0635732178848846E-5
2.4009261095713317	5.3663805730553604E-5
2.4042607313639848	5.6818180583574106E-5
2.407595353156638	6.011508318227043E-5
2.410929974949291	6.357020976072306E-5
2.414264596741944	6.550934909617714E-5
2.417599218534597	7.015927998264368E-5
2.4209338403272502	7.522365973782745E-5
2.4242684621199033	8.052724846476692E-5
2.4276030839125564	8.604724235880613E-5
2.4309377057052095	8.745891246979081E-5
2.4342723274978626	8.241825791122235E-5
2.4376069492905157	8.477695464117472E-5
2.440941571083169	8.900304994191765E-5
2.444276192875822	9.418311060265436E-5
2.447610814668475	9.994720293468885E-5
2.450945436461128	1.0618787241601153E-4
2.454280058253781	1.1282747171194592E-4
2.4576146800464342	1.1983022578659971E-4
2.4609493018390873	1.2715002228690778E-4
2.4642839236317404	1.3002131558828285E-4
2.4676185454243935	1.3736594918211824E-4
2.4709531672170466	1.4603294839949217E-4
2.4742877890096997	1.54890066733426E-4
2.477622410802353	1.6402670770250348E-4
2.480957032595006	1.735490261081202E-4
2.484291654387659	1.791923556509152E-4
2.487626276180312	1.877202755632885E-4
2.490960897972965	1.9766050969136E-4
2.4942955197656183	2.087447644340638E-4
2.4976301415582713	2.208795625877442E-4
2.5009647633509244	2.3418622402419993E-4
2.5042993851435775	2.487980597795237E-4
2.5076340069362306	2.156672548767725E-4
2.5109686287288837	1.943694454621004E-4
2.514303250521537	1.9235410667856225E-4
2.51763787231419	1.9818743951810597E-4
2.520972494106843	1.8634068812422002E-4
2.524307115899496	1.5028670021451668E-4
2.527641737692149	1.3267320736701007E-4
2.5309763594848023	9.715557303598397E-5
2.5343109812774554	8.421972526963028E-5
2.5376456030701084	7.718749001338209E-5
2.5409802248627615	7.279212385994115E-5
2.5443148466554146	7.032328058705698E-5
2.5476494684480677	6.887262341835978E-5
2.550984090240721	6.837381499601084E-5
2.554318712033374	6.863927237729554E-5
2.557653333826027	6.834970962241189E-5
2.56098795561868	6.812210602582471E-5
2.564322577411333	7.016819435891869E-5
2.5676571992039863	7.317240791104246E-5
2.5709918209966394	7.511080061152092E-5
2.5743264427892925	7.848592491633535E-5
2.5776610645819455	8.203679064097321E-5
2.5809956863745986	8.604228270262528E-5
2.5843303081672517	9.048027449249496E-5
2.587664929959905	9.53335885968693E-5
2.590999551752558	9.589790473045666E-5
2.594334173545211	9.92559915815461E-5
2.597668795337864	1.0378838870164755E-4
2.601003417130517	9.505187732279327E-5
2.6043380389231703	9.893605397628379E-5
2.6076726607158234	1.0701729691128842E-4
2.6110072825084765	1.1604674222488243E-4
2.6143419043011296	1.253282740329316E-4
2.6176765260937827	1.3485589699958555E-4
2.6210111478864357	1.4471504181996813E-4
2.624345769679089	1.5499689836459844E-4
2.627680391471742	1.6578527354228686E-4
2.631015013264395	1.7715737387388988E-4
2.634349635057048	1.616093695857883E-4
2.637684256849701	1.655913274733615E-4
2.6410188786423543	1.3363833951918943E-4
2.6443535004350074	8.0867042643514E-5
2.6476881222276605	6.84190710762527E-5
2.6510227440203136	6.678725187018725E-5
2.6543573658129667	6.572109078393582E-5
2.6576919876056198	6.750173505153397E-5
2.661026609398273	7.007548469278006E-5
2.664361231190926	7.33420416042192E-5
2.667695852983579	7.722539110943377E-5
2.671030474776232	8.165129702293173E-5
2.674365096568885	8.656324885240742E-5
2.6776997183615383	9.192472968606982E-5
2.6810343401541914	9.657352601127501E-5
2.6843689619468445	1.0247384012409065E-4
2.6877035837394976	1.089223840791046E-4
2.6910382055321507	1.069669288900425E-4
2.6943728273248038	1.1106446774667568E-4
2.697707449117457	1.198797721689796E-4
2.70104207091011	1.301170578887487E-4
2.704376692702763	1.4094889682445525E-4
2.707711314495416	1.5229616482697106E-4
2.7110459362880692	1.1459831306419088E-4
2.7143805580807223	8.166151243503199E-5
2.7177151798733754	7.459928782846055E-5
2.7210498016660285	7.209018824871292E-5
2.7243844234586816	7.143381859839185E-5
2.7277190452513347	7.137890543923764E-5
2.7310536670439878	7.19915801449875E-5
2.734388288836641	7.349734090215778E-5
2.737722910629294	7.606666077548549E-5
2.741057532421947	7.942410134847108E-5
2.7443921542146	8.345116346108073E-5
2.7477267760072532	8.805713864787707E-5
2.7510613977999063	9.319167257265726E-5
2.7543960195925594	9.882879705673886E-5
2.7577306413852125	1.0503860396461815E-4
2.7610652631778656	1.0818008317775669E-4
2.7643998849705187	7.844805837222988E-5
2.767734506763172	8.074153312007713E-5
2.771069128555825	8.726173354492649E-5
2.774403750348478	9.202295117557902E-5
2.777738372141131	9.741275882107747E-5
2.781072993933784	1.0300742968436751E-4
2.7844076157264372	1.0896026990658165E-4
2.7877422375190903	1.1536798977130404E-4
2.7910768593117434	1.2225582760601273E-4
2.7944114811043965	1.2888812298777924E-4
2.7977461028970496	1.3640727208193398E-4
2.8010807246897027	1.4432216795416629E-4
2.804415346482356	1.527371139421533E-4
2.807749968275009	1.6180564651240804E-4
2.811084590067662	9.927315395412054E-5
2.814419211860315	9.519705996522539E-5
2.817753833652968	8.924825286599511E-5
2.8210884554456213	8.681655406937097E-5
2.8244230772382743	6.357111619128708E-5
2.8277576990309274	6.037280286752076E-5
2.8310923208235805	6.079068868753673E-5
2.8344269426162336	6.231868416380174E-5
2.8377615644088867	6.482327554232153E-5
2.84109618620154	6.128192385526323E-5
2.844430807994193	5.989322823080091E-5
2.847765429786846	3.7030946925894436E-5
2.851100051579499	3.2622286726388347E-5
2.854434673372152	3.184515527057029E-5
2.8577692951648053	3.280558717029205E-5
2.8611039169574584	3.4044459585521374E-5
2.8644385387501115	3.55009491561941E-5
2.8677731605427645	3.7086553263690745E-5
2.8711077823354176	3.948936963862527E-5
2.8744424041280707	4.2090357805747974E-5
2.877777025920724	4.4752662905265783E-5
2.881111647713377	4.7493769917700314E-5
2.88444626950603	5.0347902710572685E-5
2.887780891298683	5.3336811894253046E-5
2.891115513091336	5.6477787567575596E-5
2.8944501348839893	5.40802135770008E-5
2.8977847566766424	4.877893653970572E-5
2.9011193784692955	5.130496040712006E-5
2.9044540002619486	5.449999881453439E-5
2.9077886220546016	5.791012771270069E-5
2.9111232438472547	6.120735818611648E-5
2.914457865639908	6.471195076096944E-5
2.917792487432561	6.858399264682577E-5
2.921127109225214	7.224379623587031E-5
2.924461731017867	7.651828476399431E-5
2.92779635281052	7.790877314316584E-5
2.9311309746031733	7.47331354082356E-5
2.9344655963958264	7.59959273686745E-5
2.9378002181884795	7.845262575424066E-5
2.9411348399811326	8.045429359891056E-5
2.9444694617737857	8.293313946491634E-5
2.9478040835664387	8.606298446992143E-5
2.951138705359092	8.976824740485885E-5
2.954473327151745	9.179776176574899E-5
2.957807948944398	5.3883800974950576E-5
2.961142570737051	4.345724158644023E-5
2.964477192529704	3.85073140486781E-5
2.9678118143223573	3.440734248745167E-5
2.9711464361150104	3.1656901222452666E-5
2.9744810579076635	2.7986583324075992E-5
2.9778156797003166	2.5927270969737192E-5
2.9811503014929697	2.5962072863524804E-5
2.9844849232856228	2.7402926766625163E-5
2.987819545078276	2.8708243285492128E-5
2.991154166870929	3.0056615613010237E-5
2.994488788663582	3.154822034706556E-5
2.997823410456235	3.320132606064366E-5
3.001158032248888	3.501402546006546E-5
3.0044926540415413	3.698455535033943E-5
3.0078272758341944	3.914789530914785E-5
3.0111618976268475	4.1492037120305394E-5
3.0144965194195006	4.400684933877816E-5
3.0178311412121537	4.665498680507275E-5
3.0211657630048068	4.9284187825775635E-5
3.02450038479746	4.786647579636936E-5
3.027835006590113	4.9191559972957405E-5
3.031169628382766	5.0913040753903634E-5
3.034504250175419	5.28623788734233E-5
3.0378388719680722	5.503963826086757E-5
3.0411734937607253	4.355898203663918E-5
3.0445081155533784	4.370043178490471E-5
3.0478427373460315	4.704864168450232E-5
3.0511773591386846	5.084784274961245E-5
3.0545119809313377	5.4006490314872855E-5
3.057846602723991	5.723323772001439E-5
3.061181224516644	5.9287947624752976E-5
3.064515846309297	5.019560791995614E-5
3.06785046810195	5.042519357925066E-5
3.071185089894603	5.2496498677323787E-5
3.0745197116872562	5.4912102102832827E-5
3.0778543334799093	5.755001294732906E-5
3.0811889552725624	5.897622821671291E-5
3.0845235770652155	5.9989230777293506E-5
3.0878581988578686	6.142480064146548E-5
3.0911928206505217	6.325106887931513E-5
3.094527442443175	6.370881832573479E-5
3.097862064235828	6.48848568521935E-5
3.101196686028481	6.659436157496817E-5
3.104531307821134	6.904433335331263E-5
3.107865929613787	6.996348609450789E-5
3.1112005514064403	7.347747139187282E-5
3.1145351731990933	7.747840610923106E-5
3.1178697949917464	8.181140777991241E-5
3.1212044167843995	8.643452375731098E-5
3.1245390385770526	9.1342533012334E-5
3.1278736603697057	9.654766285739683E-5
3.131208282162359	1.020702357658198E-4
3.134542903955012	1.0793459835402795E-4
3.137877525747665	1.1416760045450497E-4
3.141212147540318	1.207981733689608E-4
3.144546769332971	1.2785735492697325E-4
3.1478813911256243	1.3537849600898661E-4
3.1512160129182774	9.089301520094326E-5
3.1545506347109304	7.915938672349254E-5
3.1578852565035835	7.899810872204832E-5
3.1612198782962366	6.493073091467783E-5
3.1645545000888897	6.328366454331859E-5
3.167889121881543	4.956231816987188E-5
3.171223743674196	5.1433898470643385E-5
3.174558365466849	5.4941733232417736E-5
3.177892987259502	5.875892994892425E-5
3.181227609052155	5.970987035815232E-5
3.1845622308448083	5.62176859906655E-5
3.1878968526374614	5.563787508499457E-5
3.1912314744301145	5.700352687351308E-5
3.1945660962227675	5.9230636029526607E-5
3.1979007180154206	6.194162141871688E-5
3.2012353398080737	6.507093531433767E-5
3.204569961600727	6.803093391220592E-5
3.20790458339338	7.17179126972213E-5
3.211239205186033	7.585170223786924E-5
3.214573826978686	5.3766966123740464E-5
3.217908448771339	5.410016733323987E-5
3.2212430705639923	5.7229656552668715E-5
3.2245776923566454	5.971673404601285E-5
3.2279123141492985	6.322326559430865E-5
3.2312469359419516	6.700895793689416E-5
3.2345815577346047	7.100669232571976E-5
3.2379161795272577	7.522724940379273E-5
3.241250801319911	7.968868526054556E-5
3.244585423112564	8.45035697882059E-5
3.247920044905217	8.909495672882011E-5
3.25125466669787	6.253853119615121E-5
3.254589288490523	3.475946076672434E-5
3.2579239102831763	2.5376719929109812E-5
3.2612585320758294	2.5500910869812322E-5
3.2645931538684825	2.5051138853125237E-5
3.2679277756611356	1.692323012546887E-5
3.2712623974537887	1.703525162339809E-5
3.2745970192464418	1.7685413561317517E-5
3.277931641039095	1.8458116850296646E-5
3.281266262831748	1.9280817694461405E-5
3.284600884624401	1.9272569016884346E-5
3.287935506417054	1.715611633725531E-5
3.291270128209707	1.6313636619274374E-5
3.2946047500023603	1.6220085171085E-5
3.2979393717950134	1.6528186681584106E-5
3.3012739935876665	1.7067340743161986E-5
3.3046086153803196	1.7779981847165048E-5
3.3079432371729727	1.8637199340099096E-5
3.3112778589656258	1.9721078243294747E-5
3.314612480758279	2.091708373163091E-5
3.317947102550932	2.0750084771815808E-5
3.321281724343585	2.1794838580357716E-5
3.324616346136238	2.3247898917595094E-5
3.3279509679288912	2.4807360570083527E-5
3.3312855897215443	2.6437865011262188E-5
3.3346202115141974	2.8147702728740612E-5
3.3379548333068505	2.9953560169348088E-5
3.3412894550995036	3.187266184507318E-5
3.3446240768921567	3.3916728074541376E-5
3.3479586986848098	3.609587845961955E-5
3.351293320477463	3.784307999213681E-5
3.354627942270116	4.0703394825452754E-5
3.357962564062769	4.225918708669886E-5
3.361297185855422	4.46305582523704E-5
3.3646318076480752	4.753919264968686E-5
3.3679664294407283	5.094490997454141E-5
3.3713010512333814	5.471189576666498E-5
3.3746356730260345	5.885205897980198E-5
3.3779702948186876	6.322548792249553E-5
3.3813049166113407	6.808278123820438E-5
3.384639538403994	7.360841754646265E-5
3.387974160196647	7.802724874331034E-5
3.3913087819893	7.987111384047955E-5
3.394643403781953	8.326632434958855E-5
3.397978025574606	8.825941762751299E-5
3.4013126473672592	9.446553870873825E-5
3.4046472691599123	1.0092786771132802E-4
3.4079818909525654	1.0742237461376463E-4
3.4113165127452185	1.1469965187665233E-4
3.4146511345378716	1.0455047412502844E-4
3.4179857563305247	1.0810556463866531E-4
3.421320378123178	9.069206302283747E-5
3.424654999915831	8.647251324933902E-5
3.427989621708484	8.753902418366701E-5
3.431324243501137	8.81924247917526E-5
3.43465886529379	8.866362772705662E-5
3.4379934870864433	9.325303322322161E-5
3.4413281088790963	1.013694860171742E-4
3.4446627306717494	1.103518889556565E-4
3.4479973524644025	1.1380853353971137E-4
3.4513319742570556	1.196967882120419E-4
3.4546665960497087	7.3609054484785E-5
3.458001217842362	7.744159031412829E-5
3.461335839635015	8.321278699041266E-5
3.464670461427668	8.153667082086343E-5
3.468005083220321	6.737090214664439E-5
3.471339705012974	6.808692872781389E-5
3.4746743268056273	7.084246595598107E-5
3.4780089485982804	4.8444878063518974E-5
3.4813435703909335	5.6098713429148925E-5
3.4846781921835865	6.480631244600128E-5
3.4880128139762396	7.309276896505276E-5
3.4913474357688927	7.825116862549645E-5
3.494682057561546	8.639632475391783E-5
3.498016679354199	9.197008761277263E-5
3.501351301146852	9.319110454340769E-5
3.504685922939505	9.545001146786399E-5
3.508020544732158	9.528541495910757E-5
3.5113551665248113	9.009805572413713E-5
3.5146897883174644	9.106737933935635E-5
3.5180244101101175	7.769708931283432E-5
3.5213590319027706	7.85825059770601E-5
3.5246936536954236	8.149578547924274E-5
3.5280282754880767	5.932677082265624E-5
3.53136289728073	4.3002984015465755E-5
3.534697519073383	4.2557402506248356E-5
3.538032140866036	4.522003614576569E-5
3.541366762658689	4.8956368051658774E-5
3.544701384451342	5.2468542809338554E-5
3.5480360062439953	5.5896705269133555E-5
3.5513706280366484	5.930623515563897E-5
3.5547052498293015	6.27838321427144E-5
3.5580398716219546	4.0251953458459515E-5
3.5613744934146077	3.9059162206110306E-5
3.5647091152072607	3.966146856622083E-5
3.568043736999914	4.1157756601882904E-5
3.571378358792567	4.272188989813517E-5
3.57471298058522	4.3897609973184304E-5
3.578047602377873	3.658898705012622E-5
3.581382224170526	3.579340150785931E-5
3.5847168459631793	3.455040888140672E-5
3.5880514677558324	3.396392964150988E-5
3.5913860895484855	3.3998571235188866E-5
3.5947207113411386	3.444139253465439E-5
3.5980553331337917	3.517394156004784E-5
3.6013899549264448	3.541909868589147E-5
3.604724576719098	3.6406598661155164E-5
3.608059198511751	3.7802793640910215E-5
3.611393820304404	3.936962824787465E-5
3.614728442097057	3.99759874444086E-5
3.61806306388971	4.1707459422768856E-5
3.6213976856823633	4.3633331362252226E-5
3.6247323074750164	4.5752934169434724E-5
3.6280669292676695	4.465637543860693E-5
3.6314015510603226	4.435500006622851E-5
3.6347361728529757	4.6917542244359E-5
3.6380707946456288	4.9745008253360606E-5
3.641405416438282	5.2723196534743615E-5
3.644740038230935	5.590300653757705E-5
3.648074660023588	5.9316051522092405E-5
3.651409281816241	6.30029340576358E-5
3.6547439036088942	5.2310155108243895E-5
3.6580785254015473	4.7478700602570365E-5
3.6614131471942004	4.834019074722004E-5
3.6647477689868535	4.9325524841178526E-5
3.6680823907795066	5.1565896543421254E-5
3.6714170125721597	5.542654631442866E-5
3.674751634364813	5.951489375836522E-5
3.678086256157466	6.388072035666603E-5
3.681420877950119	6.784880274092826E-5
3.684755499742772	7.233703689587856E-5
3.688090121535425	6.577955764876439E-5
3.6914247433280782	4.4548504521744086E-5
3.6947593651207313	4.070296749592149E-5
3.6980939869133844	3.9583722013678564E-5
3.7014286087060375	4.025134480700048E-5
3.7047632304986906	4.147375690693904E-5
3.7080978522913437	4.2944303725093484E-5
3.711432474083997	4.450255751690927E-5
3.71476709587665	4.17049792253006E-5
3.718101717669303	4.0605857837582756E-5
3.721436339461956	4.06572510512774E-5
3.724770961254609	4.143457785453286E-5
3.7281055830472623	4.137600789879837E-5
3.7314402048399153	4.126634161517897E-5
3.7347748266325684	4.203954548379896E-5
3.7381094484252215	3.414262700957409E-5
3.7414440702178746	3.419723505244084E-5
3.7447786920105277	3.5268077472910155E-5
3.748113313803181	2.3295692315037746E-5
3.751447935595834	2.166794144388732E-5
3.754782557388487	2.030952514986258E-5
3.75811717918114	1.962479494292878E-5
3.761451800973793	1.9287546836368694E-5
3.7647864227664463	1.9370432923187715E-5
3.7681210445590994	1.9027238728250458E-5
3.7714556663517524	1.876921094583746E-5
3.7747902881444055	1.8910930025550814E-5
3.7781249099370586	1.9293441482798615E-5
3.7814595317297117	1.9863016205839225E-5
3.784794153522365	2.0703174218803434E-5
3.788128775315018	2.0428687551760685E-5
3.791463397107671	2.0286722234575983E-5
3.794798018900324	7.869490653940227E-6
3.798132640692977	4.467268459489321E-6
3.8014672624856303	3.700399784915508E-6
3.8048018842782834	3.283791806367653E-6
3.8081365060709365	2.9790742211097843E-6
3.8114711278635895	2.783712631812168E-6
3.8148057496562426	2.674454102117821E-6
3.8181403714488957	2.6286012131959706E-6
3.821474993241549	2.629700106338023E-6
3.824809615034202	2.6666225055362665E-6
3.828144236826855	2.7396215672624747E-6
3.831478858619508	2.846546111817242E-6
3.834813480412161	2.972929974163778E-6
3.8381481022048143	3.060080732313324E-6
3.8414827239974674	2.970009570626979E-6
3.8448173457901205	3.1297760463905167E-6
3.8481519675827736	3.3337911675189182E-6
3.8514865893754267	3.5121628711743407E-6
3.8548212111680797	3.736933619606063E-6
3.858155832960733	3.9772123871948844E-6
3.861490454753386	4.229630310066963E-6
3.864825076546039	4.494221396465611E-6
3.868159698338692	4.505652740434182E-6
3.871494320131345	4.667668214637617E-6
3.8748289419239983	4.874197442999707E-6
3.8781635637166514	5.088591475477565E-6
3.8814981855093045	5.037591510291091E-6
3.8848328073019576	5.151601260028746E-6
3.8881674290946107	5.32471022895187E-6
3.8915020508872638	5.527548980646728E-6
3.894836672679917	5.751825620178483E-6
3.89817129447257	6.0079097611399254E-6
3.901505916265223	5.9864531694376645E-6
3.904840538057876	6.253657964285412E-6
3.908175159850529	4.7686696415240255E-6
3.9115097816431823	4.451966676507803E-6
3.9148444034358354	4.401857977233793E-6
3.9181790252284885	4.43962145318755E-6
3.9215136470211416	4.3187136764965535E-6
3.9248482688137947	4.4407208697361215E-6
3.9281828906064478	4.603281813672545E-6
3.931517512399101	4.794681320003566E-6
3.934852134191754	5.025257669499163E-6
3.938186755984407	5.280227254355199E-6
3.94152137777706	5.55739469699826E-6
3.9448559995697132	5.8566458931514295E-6
3.9481906213623663	6.178431672613745E-6
3.9515252431550194	6.528742180721279E-6
3.9548598649476725	6.905257904468224E-6
3.9581944867403256	7.305454203302401E-6
3.9615291085329787	7.729818960329195E-6
3.9648637303256318	7.698250901518816E-6
3.968198352118285	7.668602200729687E-6
3.971532973910938	7.81041620303239E-6
3.974867595703591	8.0488967580971E-6
3.978202217496244	6.9178912491405696E-6
3.9815368392888972	3.015154997389543E-6
3.9848714610815503	2.6460987402740194E-6
3.9882060828742034	2.2673302719056753E-6
3.9915407046668565	2.1802860931072466E-6
3.9948753264595096	1.8592924008239514E-6
3.9982099482521627	1.175831737539829E-6
4.001544570044382	9.873901388369768E-7
4.004879191836099	8.759376290750191E-7
4.008213813627815	7.998336544430338E-7
4.011548435419532	7.448409658876852E-7
4.014883057211248	7.036863496639555E-7
4.018217679002965	6.719480846104572E-7
4.021552300794681	6.467161727265947E-7
4.024886922586398	6.260125743467342E-7
4.028221544378114	6.084812859496503E-7
4.031556166169831	5.931963758507713E-7
4.034890787961547	5.795324649405913E-7
4.038225409753264	5.67073730434084E-7
4.0415600315449804	5.555490797191232E-7
4.044894653336697	5.447859976438089E-7
4.0482292751284135	5.346779465886196E-7
4.05156389692013	5.251616160428348E-7
4.0548985187118465	5.162012805806053E-7
4.058233140503563	5.077782219002746E-7
4.0615677622952795	4.998837232237294E-7
4.064902384086996	4.925145383511047E-7
4.0682370058787125	4.856700509865606E-7
4.071571627670429	4.793505699569024E-7
4.0749062494621455	4.6499234171462264E-7
4.078240871253862	4.5212621565187194E-7
4.0815754930455785	4.4018139376324147E-7
4.084910114837295	4.2925793799500193E-7
4.0882447366290116	4.196522831251586E-7
4.091579358420728	4.115171660895697E-7
4.094913980212445	4.0488177369418647E-7
4.098248602004161	3.9969986668157703E-7
4.101583223795878	3.958860800428939E-7
4.104917845587594	3.9333893903701806E-7
4.108252467379311	3.9195442578401277E-7
4.111587089171027	3.916334855779204E-7
4.114921710962744	3.9228581526916154E-7
4.11825633275446	3.938314169601902E-7
4.121590954546177	3.962008612628207E-7
4.124925576337893	3.9933483381594543E-7
4.12826019812961	4.031833211504651E-7
4.131594819921326	4.0770464961939465E-7
4.134929441713043	4.1286450447323507E-7
4.138264063504759	4.1863498961948493E-7
4.141598685296476	4.24993773614431E-7
4.144933307088192	4.3192332396135344E-7
4.148267928879909	4.394102463932495E-7
4.151602550671625	4.4744470848284157E-7
4.154937172463342	4.5601995374972047E-7
4.158271794255058	4.651318878903905E-7
4.161606416046775	4.747787301679399E-7
4.164941037838491	4.84960723180776E-7
4.168275659630208	4.956798886788314E-7
4.171610281421924	5.068282018122976E-7
4.174944903213641	5.183087385496486E-7
4.178279525005357	5.304028863061533E-7
4.181614146797074	5.431579177136029E-7
4.18494876858879	5.5658626032754E-7
4.188283390380507	5.706853442605823E-7
4.191618012172223	5.854459471974396E-7
4.19495263396394	6.008568722721754E-7
4.198287255755656	6.169074723726667E-7
4.201621877547373	6.335889553589004E-7
4.204956499339089	6.508950110509041E-7
4.208291121130806	6.688220379161707E-7
4.211625742922522	6.873691339637821E-7
4.214960364714239	7.065379551932264E-7
4.218294986505955	7.263325103247138E-7
4.221629608297672	7.467589307404847E-7
4.224964230089388	7.67825239291679E-7
4.228298851881105	7.895411338919653E-7
4.231633473672821	8.119177970604254E-7
4.234968095464538	8.349677327895727E-7
4.238302717256254	8.587046296055224E-7
4.241637339047971	8.831432527201367E-7
4.244971960839687	9.082993570645466E-7
4.248306582631404	9.341896227945026E-7
4.25164120442312	9.608316052934996E-7
4.254975826214837	9.882436965405862E-7
4.2583104480065535	1.0164451055864906E-6
4.26164506979827	1.0454558426320665E-6
4.2649796915899865	1.0752967129452285E-6
4.268314313381703	1.1060066499498695E-6
4.2716489351734195	1.1362828156553454E-6
4.274983556965136	1.1625502224862083E-6
4.2783181787568525	1.189585705549557E-6
4.281652800548569	1.2189457533267003E-6
4.2849874223402855	1.251146934555184E-6
4.288322044132002	1.2864223989793668E-6
4.2916566659237185	1.3249204903712245E-6
4.294991287715435	1.3667605340250732E-6
4.2983259095071515	1.412051448408405E-6
4.301660531298868	1.4608999258728004E-6
4.304995153090585	1.513415174585309E-6
4.308329774882301	1.5653019472208486E-6
4.311664396674018	1.6449810591127536E-6
4.314999018465734	1.7248901521964118E-6
4.318333640257451	1.809380469833144E-6
4.321668262049167	1.8992798476891776E-6
4.325002883840884	1.9948508250243386E-6
4.3283375056326	2.096253300776872E-6
4.331672127424317	2.2036486992285563E-6
4.335006749216033	2.317225553150925E-6
4.33834137100775	2.437205647971279E-6
4.341675992799466	2.563981932373771E-6
4.345010614591183	2.5491396333799294E-6
4.348345236382899	2.6096075217447135E-6
4.351679858174616	2.706508710140148E-6
4.355014479966332	2.8166398813391088E-6
4.358349101758049	2.9335486436534185E-6
4.361683723549765	3.055106100939774E-6
4.365018345341482	3.1805850677988082E-6
4.368352967133198	3.3110729146646974E-6
4.371687588924915	3.481472932042922E-6
4.375022210716631	3.676671425857234E-6
4.378356832508348	3.7824375244731447E-6
4.381691454300064	3.924713066419987E-6
4.385026076091781	4.0975227994084735E-6
4.388360697883497	4.295782798933439E-6
4.391695319675214	4.495857098869002E-6
4.39502994146693	4.69959762230877E-6
4.398364563258647	4.522730639641615E-6
4.401699185050363	4.5414252983822655E-6
4.40503380684208	4.642569744304154E-6
4.408368428633796	4.785005857874873E-6
4.411703050425513	4.957456022400747E-6
4.415037672217229	5.115165905859117E-6
4.418372294008946	5.343022728679022E-6
4.421706915800662	5.612886990398787E-6
4.425041537592379	5.8956882011777855E-6
4.428376159384095	6.215038277639491E-6
4.431710781175812	6.555809652138712E-6
4.435045402967528	6.907275493841718E-6
4.438380024759245	7.2719294398916025E-6
4.441714646550961	7.65353092007404E-6
4.445049268342678	8.055512363108202E-6
4.448383890134394	8.480907692312404E-6
4.451718511926111	8.932498051189155E-6
4.455053133717827	9.412956943933197E-6
4.458387755509544	9.857781837287798E-6
4.46172237730126	1.0086411751799233E-5
4.465056999092977	1.0731035538301952E-5
4.468391620884693	1.1392547358729773E-5
4.47172624267641	1.2031721769802117E-5
4.4750608644681265	1.268291507196857E-5
4.478395486259843	1.3283076641873628E-5
4.4817301080515595	1.3851335126003112E-5
4.485064729843276	1.4457808317343708E-5
4.4883993516349925	1.5125324860797524E-5
4.491733973426709	1.5862887919194247E-5
4.4950685952184255	1.667626389700209E-5
4.498403217010142	1.7571115162606388E-5
4.5017378388018585	1.855411162481765E-5
4.505072460593575	1.963352167278224E-5
4.5084070823852915	2.0819719308797864E-5
4.511741704177008	2.212576827611111E-5
4.5150763259687245	2.3568181849861726E-5
4.518410947760441	2.516796257798312E-5
4.521745569552158	2.695206630864281E-5
4.525080191343874	2.8955511282274456E-5
4.528414813135591	3.122448567768138E-5
4.531749434927307	3.2987543214705654E-5
4.535084056719024	3.3743259146862307E-5
4.53841867851074	3.486804089715014E-5
4.541753300302457	3.7149375574556514E-5
4.545087922094173	1.4946072329046248E-5
4.54842254388589	1.457571880377864E-5
4.551757165677606	1.230159237020008E-5
4.555091787469323	1.120873212252997E-5
4.558426409261039	1.0692759942278278E-5
4.561761031052756	1.0429632779011389E-5
4.565095652844472	1.0304955207238441E-5
4.568430274636189	1.0297241235529053E-5
4.571764896427905	1.0396814907337578E-5
4.575099518219622	1.051605586640856E-5
4.578434140011338	1.0727571626221163E-5
4.581768761803055	1.093189840027859E-5
4.585103383594771	1.1156805441540039E-5
4.588438005386488	1.1423630635925012E-5
4.591772627178204	1.1652306912631416E-5
4.595107248969921	1.1942561569597027E-5
4.598441870761637	1.2272067797729833E-5
4.601776492553354	1.2577787985546039E-5
4.60511111434507	1.2924284618702044E-5
4.608445736136787	1.2295661630630046E-5
4.611780357928503	1.239256758739339E-5
4.61511497972022	1.266901345015161E-5
4.618449601511936	1.3045219386244212E-5
4.621784223303653	1.3480137858074355E-5
4.625118845095369	1.3967416498997035E-5
4.628453466887086	6.721366293832444E-6
4.631788088678802	6.463216983596185E-6
4.635122710470519	6.235709557172518E-6
4.638457332262235	6.266181760637283E-6
4.641791954053952	6.406429124862289E-6
4.645126575845668	6.608962957766664E-6
4.648461197637385	6.892445970201952E-6
4.651795819429101	7.237143115296144E-6
4.655130441220818	7.60065640580032E-6
4.658465063012534	7.979168700536794E-6
4.661799684804251	8.379619607644196E-6
4.665134306595967	8.733897779330813E-6
4.668468928387684	9.079856409214543E-6
4.6718035501794	9.425372508821798E-6
4.675138171971117	9.780521437386308E-6
4.678472793762833	1.0152314478205425E-5
4.68180741555455	1.0545365034409609E-5
4.685142037346266	1.0923117872108499E-5
4.688476659137983	1.1037779925269485E-5
4.6918112809296995	1.1244240936738684E-5
4.695145902721416	1.15295155900155E-5
4.6984805245131325	1.1871012050445562E-5
4.701815146304849	1.1613032688047155E-5
4.7051497680965655	1.2433046230596956E-5
4.708484389888282	1.1249721596427017E-5
4.7118190116799985	1.020699770127975E-5
4.715153633471715	9.447551964374663E-6
4.7184882552634315	9.176161821582313E-6
4.721822877055148	9.590527098544184E-6
4.7251574988468645	1.0043558493678452E-5
4.728492120638581	9.722045437665943E-6
4.7318267424302975	8.848766737842707E-6
4.735161364222014	8.889470547531653E-6
4.738495986013731	9.054715473193625E-6
4.741830607805447	9.25503093036831E-6
4.745165229597164	7.630909207942233E-6
4.74849985138888	6.942250506068591E-6
4.751834473180597	6.583016689802014E-6
4.755169094972313	5.253165140124697E-6
4.75850371676403	4.832306202334986E-6
4.761838338555746	4.831276085163453E-6
4.765172960347463	4.848548963061934E-6
4.768507582139179	4.879702546185751E-6
4.771842203930896	4.883854774523527E-6
4.775176825722612	4.845607051489627E-6
4.778511447514329	4.8734339043818695E-6
4.781846069306045	4.901670717093452E-6
4.785180691097762	4.925926819447431E-6
4.788515312889478	4.946659552801601E-6
4.791849934681195	4.97317643304291E-6
4.795184556472911	4.990899037178303E-6
4.798519178264628	4.5239648649546475E-6
4.801853800056344	4.267946189473937E-6
4.805188421848061	4.056051236308677E-6
4.808523043639777	4.010398533444174E-6
4.811857665431494	4.014928005943764E-6
4.81519228722321	4.048479662050483E-6
4.818526909014927	4.087577741554866E-6
4.821861530806643	4.132415659950456E-6
4.82519615259836	4.182448198274688E-6
4.828530774390076	4.236886872404332E-6
4.831865396181793	4.294974022550796E-6
4.835200017973509	4.356106507707551E-6
4.838534639765226	4.41987350484985E-6
4.841869261556942	4.485616662735168E-6
4.845203883348659	4.555072629621373E-6
4.848538505140375	4.627680710582155E-6
4.851873126932092	4.708419324830466E-6
4.855207748723808	4.797173964615509E-6
4.858542370515525	4.891992325062963E-6
4.861876992307241	4.027440631613264E-6
4.865211614098958	3.3611295347863804E-6
4.868546235890674	2.9511106886356294E-6
4.871880857682391	2.6608259749731434E-6
4.875215479474107	2.4462353711964465E-6
4.878550101265824	2.284091522630313E-6
4.88188472305754	2.159482738638022E-6
4.885219344849257	2.1224732891928914E-6
4.888553966640973	2.17638367327559E-6
4.89188858843269	2.252887762246238E-6
4.895223210224406	2.3459930733755408E-6
4.898557832016123	2.4489463282063917E-6
4.9018924538078394	2.5600386154756027E-6
4.905227075599556	2.6790261267985786E-6
4.9085616973912725	2.80217094571365E-6
4.911896319182989	2.9300313578848555E-6
4.9152309409747055	3.065327966215301E-6
4.918565562766422	3.2094352668121262E-6
4.9219001845581385	3.363263825852312E-6
4.925234806349855	3.527620826399613E-6
4.9285694281415715	3.7033556666833264E-6
4.931904049933288	3.891425463556889E-6
4.9352386717250045	1.7767242321230515E-6
4.938573293516721	9.673803635180738E-7
4.9419079153084375	7.976732460729131E-7
4.945242537100154	7.216165889097483E-7
4.9485771588918706	6.851396899927491E-7
4.951911780683587	6.042079512849299E-7
4.955246402475304	6.046719412966311E-7
4.95858102426702	6.084487870560071E-7
4.961915646058737	6.132633749952383E-7
4.965250267850453	6.192462489680281E-7
4.96858488964217	6.281135070464709E-7
4.971919511433886	6.402717806729527E-7
4.975254133225603	6.55601054240017E-7
4.978588755017319	6.73961306760793E-7
4.981923376809036	6.951738095740794E-7
4.985257998600752	7.190489361124293E-7
4.988592620392469	6.940828825438553E-7
4.991927242184185	7.148005667012902E-7
4.995261863975902	7.410241080151476E-7
4.998596485767618	7.676808107634365E-7
