0.0033330406538175155	0.001542435088775244
0.00666766244646512	0.006171203506136719
0.010002284239111522	0.013886305338813047
0.013336906031757297	0.024687740586804702
0.016671527824403072	0.038575509250101045
0.020006149617048847	0.055549611328709544
0.02334077140969462	0.07561004682262942
0.026675393202340397	0.09875681573189193
0.03001001499498617	0.1249899180565389
0.03334463678763654	0.15381128774551017
0.036679258580289635	0.18608258426134588
0.04001388037294273	0.22072966442622965
0.04334850216559582	0.25901018038361423
0.04668312395824891	0.2994380330881338
0.050017745750902	0.34369378027162334
0.053352367543555095	0.3909827621749014
0.056686989336208186	0.44136054501330196
0.06002161112886128	0.4934173725338878
0.06335623292151436	0.5483419405938165
0.06669085471416746	0.6045989606598758
0.07002547650682055	0.6645903094783553
0.07336009829947364	0.7243543009456723
0.07669472009212673	0.7861928000844065
0.08002934188477982	0.8524374374970439
0.08336396367743291	0.9247526485388052
0.086698585470086	0.994910551384303
0.0900332072627391	1.0728873039692655
0.09336782905539219	1.1513020770664697
0.09670245084804528	1.2291302983176275
0.10003707264069837	1.3141948383879698
0.10337169443335147	1.4028297144570268
0.10670631622600456	1.494779284077009
0.11004093801865765	1.5869953873760276
0.11337555981131074	1.6818318636351788
0.11671018160396383	1.7793910894473488
0.12004480339661693	1.8731956629293258
0.12337942518927002	1.9708019492143978
0.1267140469819231	2.0781762975090214
0.1300486687745762	2.188567174901012
0.13338329056722928	2.2787945294932146
0.13671791235988237	2.3631657272070874
0.14005253415253546	2.4646654585795083
0.14338715594518855	2.5742870785049856
0.14672177773784165	2.676630873581739
0.15005639953049474	2.7732799498347536
0.15339102132314783	2.8683676589462466
0.15672564311580092	2.9723288516307766
0.16006026490845401	3.0856119763013785
0.1633948867011071	3.2084334854398757
0.1667295084937602	3.3375527063068375
0.1700641302864133	3.471438360385685
0.17339875207906638	3.5863688043590005
0.17673337387171947	3.6987998997371796
0.18006799566437257	3.804901916973598
0.18340261745702566	3.904835518892551
0.18673723924967875	4.010493547315004
0.19007186104233184	4.0803544095965565
0.19340648283498493	4.2090137651396144
0.19674110462763802	4.333587295251681
0.20007572642029112	4.430713128753235
0.2034103482129442	4.53326249010469
0.2067449700055973	4.680691523030001
0.2100795917982504	4.820350203119137
0.21341421359090348	4.930523409935464
0.21674883538355658	5.052288014545752
0.22008345717620967	5.124379963191454
0.22341807896886276	5.236904608681987
0.22675270076151585	5.351541182404545
0.23008732255416894	5.4740277038349685
0.23342194434682204	5.6053087741806875
0.23675656613947513	5.749114547580842
0.24009118793212822	5.851411846221694
0.2434258097247813	5.9630073612443635
0.2467604315174344	5.969643747282043
0.25009505331008747	6.103970764351377
0.25342967510274056	6.177090762452299
0.25676429689539365	6.298610917059896
0.26009891868804674	6.385335065360732
0.26343354048069983	6.4528964154395
0.2667681622733529	6.501314715654299
0.270102784066006	6.623187717590246
0.2734374058586591	6.778670361280256
0.2767720276513122	6.91207896139204
0.2801066494439653	7.039042794089749
0.2834412712366184	7.110903943896386
0.2867758930292715	7.143498787913713
0.29011051482192457	7.208636068847437
0.29344513661457766	7.254401184206507
0.29677975840723075	7.307235228159077
0.30011438019988385	7.343532257622918
0.30344900199253694	7.4237877736136015
0.30678362378519003	7.536505762904683
0.3101182455778431	7.568450315919421
0.3134528673704962	7.701341709027928
0.3167874891631493	7.74694339188692
0.3201221109558024	7.768851873557712
0.3234567327484555	7.7525580557264275
0.3267913545411086	7.714938411098665
0.3301259763337617	7.6486945901881045
0.33346059812641476	7.598976584312731
0.33679521991906786	7.5183545228400055
0.34012984171172095	7.389777869437501
0.34346446350437404	7.474948195725959
0.34679908529702713	7.476105331691391
0.3501337070896802	7.267761732783266
0.3534683288823333	7.249921476133829
0.3568029506749864	7.217132639797091
0.3601375724676395	7.228554355149871
0.3634721942602926	7.218299430302786
0.3668068160529457	7.0950639801846505
0.3701414378455988	6.926181553570681
0.37347605963825187	6.840596254386496
0.37681068143090496	6.685187719887934
0.38014530322355805	6.606965575177578
0.38347992501621114	6.457917756786507
0.38681454680886423	6.408289604950249
0.3901491686015173	6.205157782703372
0.3934837903941704	5.792131104889535
0.3968184121868235	5.600545705635049
0.4001530339794766	5.445559012874751
0.4034876557721297	5.294134585111906
0.4068222775647828	5.16206941694805
0.4101568993574359	5.042513781533188
0.41349152115008897	4.797926618540585
0.41682614294274206	4.613076499486023
0.42016076473539515	4.270978806023181
0.42349538652804825	4.04465997895666
0.42683000832070134	3.6629774786589264
0.43016463011335443	3.4259783096980394
0.4334992519060075	3.1191802010388785
0.4368338736986606	2.8387196951569718
0.4401684954913137	2.5538254428190053
0.4435031172839668	2.4587580140577967
0.4468377390766199	2.224729903169252
0.450172360869273	1.7787874839827564
0.4535069826619261	1.5638671376580686
0.45684160445457916	1.2651011677641109
0.46017622624723226	0.9244131599560282
0.46351084803988535	0.7569507310211999
0.46684546983253844	0.6944800069828089
0.47018009162519153	0.6484099589340814
0.4735147134178446	0.545370434004254
0.4768493352104977	0.5189937655475579
0.4801839570031508	0.38208955915827963
0.4835185787958039	0.3494210529083363
0.486853200588457	0.3131879587441981
0.4901878223811101	0.29305135550614125
0.4935224441737632	0.27204327862353234
0.49685706596641627	0.2571136672242023
0.5001916877590693	0.24767997040369075
0.5035263095517224	0.2224730676480987
0.5068609313443755	0.22988373201166235
0.5101955531370286	0.1736453951060862
0.5135301749296817	0.18189537458207813
0.5168647967223348	0.1802444899320659
0.5201994185149879	0.17093576858533416
0.523534040307641	0.16243743455353055
0.526868662100294	0.13660444105931974
0.5302032838929471	0.12614087064765694
0.5335379056856002	0.12246734226735277
0.5368725274782533	0.11787350322117253
0.5402071492709064	0.11663337989689854
0.5435417710635595	0.11631555194879577
0.5468763928562126	0.11453967607467015
0.5502110146488657	0.11726895653626539
0.5535456364415188	0.11875385639104022
0.5568802582341719	0.1191673089663623
0.560214880026825	0.11970680901535792
0.563549501819478	0.11680758201354265
0.5668841236121311	0.11879205497377647
0.5702187454047842	0.12450025057638413
0.5735533671974373	0.1236506814471366
0.5768879889900904	0.12504911079525016
0.5802226107827435	0.11363610832532983
0.5835572325753966	0.10703093477517887
0.5868918543680497	0.1008656764487931
0.5902264761607028	0.09895515500195849
0.5935610979533559	0.10208658207888324
0.596895719746009	0.09872587413239765
0.6002303415386621	0.0919463355029388
0.6035649633313152	0.09222627328531617
0.6068995851239682	0.09799800496539429
0.6102342069166213	0.10010493802510599
0.6135688287092744	0.09918572110280498
0.6169034505019275	0.09723096792132654
0.6202380722945806	0.08912350023914588
0.6235726940872337	0.0852466915863997
0.6269073158798868	0.08434204825255313
0.6302419376725399	0.07943638947486506
0.633576559465193	0.08030757272447304
0.6369111812578461	0.084574319704217
0.6402458030504992	0.08894245575134957
0.6435804248431523	0.0925988300423175
0.6469150466358053	0.08699844650561127
0.6502496684284584	0.0824876056345585
0.6535842902211115	0.07131592689931435
0.6569189120137646	0.06652483189476287
0.6602535338064177	0.06492285136579178
0.6635881555990708	0.06588074629332401
0.6669227773917239	0.06082850986093896
0.670257399184377	0.0631698193381683
0.6735920209770301	0.0637056548116634
0.6769266427696832	0.060326218481053885
0.6802612645623363	0.056469774094701296
0.6835958863549894	0.052622097016503167
0.6869305081476424	0.0466549378193098
0.6902651299402955	0.042993131383004334
0.6935997517329486	0.04324845686429276
0.6969343735256017	0.04540602433680829
0.7002689953182548	0.05003127545836966
0.7036036171109079	0.0516917783886894
0.706938238903561	0.05076814486427339
0.7102728606962141	0.05396029046024809
0.7136074824888672	0.054258285779055775
0.7169421042815203	0.05289869861994802
0.7202767260741734	0.05320156297648835
0.7236113478668265	0.054502169165527525
0.7269459696594796	0.054571037355728935
0.7302805914521326	0.056934517577034424
0.7336152132447857	0.060547596070521126
0.7369498350374388	0.06124170552591683
0.7402844568300919	0.05997542686163785
0.743619078622745	0.06194203646724038
0.7469537004153981	0.06363630920786992
0.7502883222080512	0.06118347142566886
0.7536229440007043	0.06280231569704409
0.7569575657933574	0.06451724758439832
0.7602921875860105	0.06550798983530594
0.7636268093786636	0.06654563286249936
0.7669614311713167	0.06814743843123475
0.7702960529639697	0.07120076324617382
0.7736306747566228	0.0741816036183771
0.7769652965492759	0.07768881076966419
0.780299918341929	0.08045294282891083
0.7836345401345821	0.08206814742073405
0.7869691619272352	0.0744619949616934
0.7903037837198883	0.07287361067768323
0.7936384055125414	0.0736364734899382
0.7969730273051945	0.04644701815744129
0.8003076490978476	0.03073612439419429
0.8036422708905007	0.026410651022366106
0.8069768926831538	0.025326647014294167
0.8103115144758068	0.02379462142394142
0.8136461362684599	0.024059712578177107
0.816980758061113	0.02560596475174599
0.8203153798537661	0.029320611065854554
0.8236500016464192	0.033432901409333596
0.8269846234390723	0.03522069916061903
0.8303192452317254	0.03084092828884633
0.8336538670243785	0.019274054590634176
0.8369884888170316	0.01387241919379127
0.8403231106096847	0.011323098312743387
0.8436577324023378	0.009834245084641662
0.8469923541949909	0.009628007737674285
0.850326975987644	0.011443976601894754
0.853661597780297	0.013268469023600023
0.8569962195729501	0.015705644876341872
0.8603308413656032	0.017700390155785603
0.8636654631582563	0.017575229986220887
0.8670000849509094	0.016161012107394467
0.8703347067435625	0.011343313303587326
0.8736693285362156	0.009691620164360813
0.8770039503288687	0.009206008124365533
0.8803385721215218	0.009570283742040121
0.8836731939141749	0.010803279685533523
0.887007815706828	0.012733266756096652
0.890342437499481	0.015225140341424331
0.8936770592921341	0.01748601810590656
0.8970116810847872	0.0183783504220197
0.9003463028774403	0.011020331187534075
0.9036809246700934	0.008282035007744413
0.9070155464627465	0.007071362292886302
0.9103501682553996	0.0066616346460461225
0.9136847900480527	0.006248912406287417
0.9170194118407058	0.007556007536327299
0.9203540336333589	0.009207665601622655
0.923688655426012	0.010979494840773684
0.9270232772186651	0.0117499297192633
0.9303578990113182	0.010648329931928976
0.9336925208039712	0.009445269119720056
0.9370271425966243	0.008189343427918008
0.9403617643892774	0.007726426023565103
0.9436963861819305	0.007849580285618971
0.9470310079745836	0.007968933195534962
0.9503656297672367	0.00946015276521462
0.9537002515598898	0.010578324516082057
0.9570348733525429	0.010952669215915237
0.960369495145196	0.009905032519753058
0.9637041169378491	0.008398396176969991
0.9670387387305022	0.007299216830327534
0.9703733605231553	0.007050579927230568
0.9737079823158084	0.007739895927780483
0.9770426041084614	0.00722823215035749
0.9803772259011145	0.007757560947291294
0.9837118476937676	0.008540799699855132
0.9870464694864207	0.009021334159801468
0.9903810912790738	0.009187481039863842
0.9937157130717269	0.009300841773736603
0.99705033486438	0.005288055424321773
1.000384956657033	0.005461173884612904
1.0037195784496862	0.005195389084899475
1.0070542002423393	0.0046573606106661706
1.0103888220349924	0.004175906605569333
1.0137234438276455	0.003769228032744108
1.0170580656202985	0.0031960444556737634
1.0203926874129516	0.0028307477961292834
1.0237273092056047	0.00240711909481563
1.0270619309982578	0.002184365583099705
1.030396552790911	0.0024083801331893757
1.033731174583564	0.0027839194446224774
1.037065796376217	0.003313058114015827
1.0404004181688702	0.00359982362552361
1.0437350399615233	0.003418033672217854
1.0470696617541764	0.0028622200116685988
1.0504042835468295	0.002425809663875541
1.0537389053394826	0.002312265835397493
1.0570735271321356	0.002509763813876837
1.0604081489247887	0.0027508126756376292
1.0637427707174418	0.003091121767371843
1.067077392510095	0.0034980221259254293
1.070412014302748	0.003809483519897755
1.073746636095401	0.003437885107303762
1.0770812578880542	0.0023001903837102334
1.0804158796807073	0.0016783327402871623
1.0837505014733604	0.0015027989046918972
1.0870851232660135	0.0014979964281319365
1.0904197450586666	0.0016370269809555579
1.0937543668513197	0.0019962636018835416
1.0970889886439728	0.0024400346397381732
1.1004236104366258	0.002784586901151959
1.103758232229279	0.0029726913538621422
1.107092854021932	0.0028328634137787744
1.1104274758145851	0.0025487555305303273
1.1137620976072382	0.002281325832533025
1.1170967193998913	0.002139938605856058
1.1204313411925444	0.0021776933958856906
1.1237659629851975	0.0023859813913518473
1.1271005847778506	0.0027186938397956526
1.1304352065705037	0.0031254759013297924
1.1337698283631568	0.0027670538092900323
1.1371044501558099	0.002567665534967695
1.140439071948463	0.0022961654848938297
1.143773693741116	0.0019725061829757823
1.1471083155337691	0.0018346309558038688
1.1504429373264222	0.0018378556167447737
1.1537775591190753	0.0019284284981480099
1.1571121809117284	0.0022116361331732744
1.1604468027043815	0.002468926542687448
1.1637814244970346	0.0027013325056869995
1.1671160462896877	0.0023524783426518777
1.1704506680823408	0.002018066464697331
1.1737852898749939	0.001890307367780681
1.177119911667647	0.0017443676616346554
1.1804545334603	0.0017499823002830998
1.1837891552529531	0.0019048332052217065
1.1871237770456062	0.0021495539040542384
1.1904583988382593	0.002460248344319356
1.1937930206309124	0.0026677055150103202
1.1971276424235655	0.002777137202127062
1.2004622642162186	0.002789290416886073
1.2037968860088717	0.0025734899300501692
1.2071315078015248	0.0024952153875487278
1.2104661295941779	0.0025740681854635565
1.213800751386831	0.002667466844327421
1.217135373179484	0.0014026040997720485
1.2204699949721372	0.0014107264432592576
1.2238046167647902	0.0014958726332082884
1.2271392385574433	0.001589352151687317
1.2304738603500964	0.0017311276040429984
1.2338084821427495	0.0018120557750354429
1.2371431039354026	0.0015443613816591287
1.2404777257280557	0.0015395823469338845
1.2438123475207088	0.0015181692310428485
1.2471469693133619	0.001387426759107093
1.250481591106015	0.0014370139319679102
1.253816212898668	0.0014984894858668316
1.2571508346913212	0.0016112953682746827
1.2604854564839743	0.001671575408958357
1.2638200782766273	0.0017506222118154544
1.2671547000692804	0.0018408088287162748
1.2704893218619335	0.001748862668328258
1.2738239436545866	0.0018223267287783174
1.2771585654472397	0.0017502049033213136
1.2804931872398928	0.0017812200070642954
1.283827809032546	0.0018680043800531837
1.287162430825199	0.001823287611453435
1.290497052617852	0.0019622087752204954
1.2938316744105052	0.0014778707809237578
1.2971662962031583	0.0010819997800379404
1.3005009179958114	0.0010069797964502687
1.3038355397884644	9.674062879970704E-4
1.3071701615811175	9.269354858447695E-4
1.3105047833737706	8.9625202231735E-4
1.3138394051664237	8.62652882475445E-4
1.3171740269590768	8.734512649684987E-4
1.32050864875173	9.341495851355292E-4
1.323843270544383	0.0010143512663749014
1.327177892337036	0.0010691980875293821
1.3305125141296892	0.00109140449326708
1.3338471359223423	0.0010661621720081465
1.3371817577149954	0.0010140693525851861
1.3405163795076485	0.0010212084915734382
1.3438510013003016	0.0010425629365003442
1.3471856230929546	0.0010988901085166698
1.3505202448856077	0.0011814748948079492
1.3538548666782608	0.0012793240297570576
1.357189488470914	0.0013675747994314454
1.360524110263567	0.0014255243798974332
1.36385873205622	0.0014619551365310413
1.3671933538488732	0.0014232967941891481
1.3705279756415263	0.0014192601782339693
1.3738625974341794	0.0014432217312974637
1.3771972192268325	0.0014958496503963959
1.3805318410194856	0.0015217023632479482
1.3838664628121387	0.0012771495359408735
1.3872010846047917	9.674687861187153E-4
1.3905357063974448	8.103843942096493E-4
1.393870328190098	7.347420673814443E-4
1.397204949982751	5.687301557676091E-4
1.4005395717754041	5.507774080168754E-4
1.4038741935680572	5.618921211130742E-4
1.4072088153607103	5.856908686924133E-4
1.4105434371533634	5.443606512936398E-4
1.4138780589460165	5.513143933765702E-4
1.4172126807386696	5.403145295418269E-4
1.4205473025313227	5.096154157445361E-4
1.4238819243239758	4.8778600968243024E-4
1.4272165461166288	4.61407674203555E-4
1.430551167909282	4.6357124156727717E-4
1.433885789701935	4.7566982141297563E-4
1.4372204114945881	4.6565887300776203E-4
1.4405550332872412	4.8362283511688413E-4
1.4438896550798943	5.063521817290375E-4
1.4472242768725474	5.147273754931257E-4
1.4505588986652005	5.248174956220459E-4
1.4538935204578536	5.359693433429607E-4
1.4572281422505067	5.478631105373916E-4
1.4605627640431598	5.507749487659047E-4
1.4638973858358129	5.423512073323803E-4
1.467232007628466	5.326924345716571E-4
1.470566629421119	5.308738253222606E-4
1.4739012512137721	5.273397976373791E-4
1.4772358730064252	5.296965051488943E-4
1.4805704947990783	5.263530215796083E-4
1.4839051165917314	5.228624449458672E-4
1.4872397383843845	5.10748050538201E-4
1.4905743601770376	5.113345096803645E-4
1.4939089819696907	5.05816548982094E-4
1.4972436037623438	5.106426979845936E-4
1.5005782255549969	5.248420467572929E-4
1.50391284734765	5.443286561127035E-4
1.507247469140303	5.673111800629976E-4
1.5105820909329561	5.885916300449399E-4
1.5139167127256092	5.307151101179268E-4
1.5172513345182623	4.956864492830748E-4
1.5205859563109154	4.8355550913156095E-4
1.5239205781035685	4.712823227413013E-4
1.5272551998962216	4.834626315936414E-4
1.5305898216888747	4.992827294854582E-4
1.5339244434815278	5.13292015684691E-4
1.5372590652741809	5.265580851477903E-4
1.540593687066834	5.350634502659967E-4
1.543928308859487	5.287371174295349E-4
1.5472629306521402	5.265391272009742E-4
1.5505975524447932	5.307110295956733E-4
1.5539321742374463	5.022453109669648E-4
1.5572667960300994	4.839808245102898E-4
1.5606014178227525	4.626397326347801E-4
1.5639360396154056	4.5318724976873306E-4
1.5672706614080587	4.2993449627868095E-4
1.5706052832007118	4.386635783437914E-4
1.573939904993365	4.640910401042092E-4
1.577274526786018	4.5350340528664204E-4
1.580609148578671	4.549036436231341E-4
1.5839437703713242	4.6407547247349093E-4
1.5872783921639773	4.6821471045911195E-4
1.5906130139566304	4.645895797103759E-4
1.5939476357492834	4.6863798978728386E-4
1.5972822575419365	4.804340672288878E-4
1.6006168793345896	4.995278456284798E-4
1.6039515011272427	5.211707031420595E-4
1.6072861229198958	5.472284946821772E-4
1.610620744712549	5.744447601073588E-4
1.613955366505202	5.953446220089421E-4
1.617289988297855	6.082087872494081E-4
1.6206246100905082	6.260169934578559E-4
1.6239592318831613	6.494876499720915E-4
1.6272938536758144	6.721571773260263E-4
1.6306284754684675	7.035811652394326E-4
1.6339630972611205	7.194869495479837E-4
1.6372977190537736	6.995747033124382E-4
1.6406323408464267	6.741800803594659E-4
1.6439669626390798	6.587725219797283E-4
1.647301584431733	6.577821995140629E-4
1.650636206224386	6.707765360861054E-4
1.653970828017039	6.985870618636275E-4
1.6573054498096922	7.352628823658333E-4
1.6606400716023453	6.655406674844047E-4
1.6639746933949984	6.715469606437711E-4
1.6673093151876515	6.959629318798991E-4
1.6706439369803046	6.336077718434246E-4
1.6739785587729576	6.432065339049771E-4
1.6773131805656107	6.835310685371542E-4
1.6806478023582638	7.106061690471165E-4
1.683982424150917	7.577870935258912E-4
1.68731704594357	8.12474129888052E-4
1.690651667736223	8.790116610596408E-4
1.6939862895288762	9.490804437378815E-4
1.6973209113215293	0.0010284038049794572
1.7006555331141824	0.0011294607657762544
1.7039901549068355	0.0011591074264517818
1.7073247766994886	0.0010087340357261168
1.7106593984921417	9.499054876391465E-4
1.7139940202847948	9.604098456104449E-4
1.7173286420774478	9.689061175019969E-4
1.720663263870101	9.971752035788863E-4
1.723997885662754	0.0010823095739281256
1.7273325074554071	0.001126946148611897
1.7306671292480602	0.001271085691346998
1.7340017510407133	0.0014638707790830623
1.7373363728333664	0.0016506236123747014
1.7406709946260195	0.0017946498040580254
1.7440056164186726	0.00198759764313803
1.7473402382113257	0.002174905919762249
1.7506748600039788	0.0022780413620190096
1.7540094817966319	0.002515097612789694
1.757344103589285	0.0027865260546339836
1.760678725381938	0.0031174305715013606
1.7640133471745911	0.0034658564681298606
1.7673479689672442	0.0037880808929236227
1.7706825907598973	0.004084995129064587
1.7740172125525504	0.00416517502610221
1.7773518343452035	0.0027650938866805603
1.7806864561378566	0.0027547049143922782
1.7840210779305097	0.002869400658434048
1.7873556997231628	0.00313788887242409
1.7906903215158159	0.0032943340696848624
1.794024943308469	0.00328532851847935
1.797359565101122	0.0021315246463568865
1.8006941868937751	0.0017970334908451416
1.8040288086864282	0.0016057566049927211
1.8073634304790813	0.0015612002821283235
1.8106980522717344	0.001590727655723239
1.8140326740643875	0.001686022490959392
1.8173672958570406	0.0018206512735246387
1.8207019176496937	0.0019654447781196588
1.8240365394423468	0.002073958937648406
1.8273711612349999	0.002101557904459207
1.830705783027653	0.0020762669086059407
1.834040404820306	0.0020834088323997916
1.8373750266129592	0.002152407536732647
1.8407096484056122	0.002255720603241431
1.8440442701982653	0.0023999139617635174
1.8473788919909184	0.0025509772352846185
1.8507135137835715	0.0026875124805944227
1.8540481355762246	0.0028055343096776695
1.8573827573688777	0.0028798726403202217
1.8607173791615308	0.0028718821708569424
1.8640520009541839	0.002551026727336973
1.867386622746837	0.0022043017896033073
1.87072124453949	0.001959679614476938
1.8740558663321432	0.0019178102173430043
1.8773904881247963	0.001953022696168832
1.8807251099174493	0.002099856866647289
1.8840597317101024	0.0022850123038751268
1.8873943535027555	0.0023968511768777626
1.8907289752954086	0.0023037804851598303
1.8940635970880617	0.0023189155030892885
1.8973982188807148	0.002224849830329604
1.900732840673368	0.0018821958377126234
1.904067462466021	0.0018464813240739789
1.907402084258674	0.0019228295890312713
1.9107367060513272	0.002009840739829381
1.9140713278439803	0.00213298894900213
1.9174059496366334	0.002023643994062562
1.9207405714292864	0.002109909922600872
1.9240751932219395	0.00209691335478383
1.9274098150145926	0.0019618805484776
1.9307444368072457	0.00196912799526411
1.9340790585998988	0.0019133337455541851
1.937413680392552	0.0020248431331313186
1.940748302185205	0.002178332325107383
1.944082923977858	0.0024716137481170086
1.9474175457705112	0.0025596768849846696
1.9507521675631643	0.0022909184619631516
1.9540867893558174	0.002335639992464332
1.9574214111484705	0.0019078047770310683
1.9607560329411236	0.0017450215521490134
1.9640906547337766	0.0013797084245606229
1.9674252765264297	0.0011175347060161285
1.9707598983190828	9.815896975507027E-4
1.974094520111736	9.397937273462341E-4
1.977429141904389	7.295716493275993E-4
1.980763763697042	4.5171549513250335E-4
1.9840983854896952	3.6212563457952156E-4
1.9874330072823483	3.207545846117141E-4
1.9907676290750014	2.7836385794596623E-4
1.9941022508676545	2.6251654427669166E-4
1.9974368726603076	2.548676901209271E-4
2.0007714944529607	2.716319576981886E-4
2.0041061162456137	2.9036388306561816E-4
2.007440738038267	3.127194264481515E-4
2.01077535983092	3.2912268991658897E-4
2.014109981623573	3.2351059988418106E-4
2.017444603416226	3.145345854138931E-4
2.020779225208879	3.1310193953065145E-4
2.0241138470015323	3.170104429020922E-4
2.0274484687941854	3.109712445349811E-4
2.0307830905868385	3.1503359092894894E-4
2.0341177123794916	2.949182319400763E-4
2.0374523341721447	2.966335569855147E-4
2.0407869559647978	3.032158051863258E-4
2.044121577757451	3.0954547437333184E-4
2.047456199550104	3.167538502430925E-4
2.050790821342757	3.2136636152635075E-4
2.05412544313541	3.110060558566811E-4
2.057460064928063	2.95157064632703E-4
2.0607946867207163	2.949876229765973E-4
2.0641293085133694	3.013573634236838E-4
2.0674639303060225	3.0777127997323164E-4
2.0707985520986756	3.200488967155747E-4
2.0741331738913287	3.342706776241097E-4
2.0774677956839818	3.4624624306418665E-4
2.080802417476635	2.70937298390013E-4
2.084137039269288	2.726474871669566E-4
2.087471661061941	2.732748711773215E-4
2.090806282854594	2.734945540535156E-4
2.0941409046472472	2.68500581622027E-4
2.0974755264399003	2.851716167492736E-4
2.1008101482325534	2.8630943421951603E-4
2.1041447700252065	2.98098684290711E-4
2.1074793918178596	3.091883910115124E-4
2.1108140136105127	3.132849586567506E-4
2.1141486354031658	2.965016825209378E-4
2.117483257195819	1.562510005219328E-4
2.120817878988472	1.479607042278846E-4
2.124152500781125	1.633258331313967E-4
2.127487122573778	1.5399778785794225E-4
2.1308217443664312	1.4476375474359627E-4
2.1341563661590843	1.466149597530876E-4
2.1374909879517374	1.4980626657722486E-4
2.1408256097443905	1.5228241745207421E-4
2.1441602315370436	1.5207905603602736E-4
2.1474948533296967	1.4794853311126348E-4
2.15082947512235	1.4010999200508785E-4
2.154164096915003	1.3902201558976143E-4
2.157498718707656	1.360625703617245E-4
2.160833340500309	1.3881356319143536E-4
2.164167962292962	1.4061020319905347E-4
2.1675025840856152	1.4160367386770786E-4
2.1708372058782683	1.4496114896019028E-4
2.1741718276709214	1.5016969133300765E-4
2.1775064494635745	1.545290591810541E-4
2.1808410712562276	1.591426454440586E-4
2.1841756930488807	1.6469658257468905E-4
2.187510314841534	1.710668223755618E-4
2.190844936634187	1.7815355562472615E-4
2.19417955842684	1.8579450510369675E-4
2.197514180219493	1.6251092878247458E-4
2.200848802012146	1.5406240409683065E-4
2.2041834238047993	1.5485907427038956E-4
2.2075180455974523	1.6019368955668862E-4
2.2108526673901054	1.6844790460514007E-4
2.2141872891827585	1.6946202855460705E-4
2.2175219109754116	1.735004955052405E-4
2.2208565327680647	1.8042776469703907E-4
2.224191154560718	1.893780911314578E-4
2.227525776353371	1.7129974739636078E-4
2.230860398146024	1.4615722592044777E-4
2.234195019938677	1.468902600877236E-4
2.23752964173133	1.4519755519926944E-4
2.2408642635239833	1.4572312401173271E-4
2.2441988853166364	9.237088890320615E-5
2.2475335071092895	7.989482937373395E-5
2.2508681289019425	7.289410060368384E-5
2.2542027506945956	6.340695071455922E-5
2.2575373724872487	6.120434806021752E-5
2.260871994279902	6.522702368828094E-5
2.264206616072555	6.827465301702586E-5
2.267541237865208	6.984584367239554E-5
2.270875859657861	7.118711145060745E-5
2.274210481450514	7.273236780673421E-5
2.2775451032431673	7.442067865229085E-5
2.2808797250358204	7.617241255478557E-5
2.2842143468284735	7.71468786763717E-5
2.2875489686211266	7.74449778302789E-5
2.2908835904137796	7.760585798465377E-5
2.2942182122064327	7.805381604635003E-5
2.297552833999086	7.845594919232746E-5
2.300887455791739	7.76638589364749E-5
2.304222077584392	7.816037570490378E-5
2.307556699377045	7.957444436406771E-5
2.310891321169698	8.234126305442011E-5
2.3142259429623513	8.554367509592315E-5
2.3175605647550044	8.808376870707836E-5
2.3208951865476575	9.05935832463037E-5
2.3242298083403106	9.360913345541578E-5
2.3275644301329637	9.598314525373896E-5
2.3308990519256167	9.914714674035356E-5
2.33423367371827	1.0277137972653862E-4
2.337568295510923	1.0644551376834128E-4
2.340902917303576	1.1059204655807458E-4
2.344237539096229	1.1496073665482595E-4
2.347572160888882	1.1777437950097878E-4
2.3509067826815353	1.1985079527465E-4
2.3542414044741884	1.227904756764532E-4
2.3575760262668415	1.2675069819572846E-4
2.3609106480594946	1.3127093986959657E-4
2.3642452698521477	1.3637444150805788E-4
2.3675798916448008	1.4264111065071645E-4
2.370914513437454	1.4902974334902772E-4
2.374249135230107	1.5360802148716563E-4
2.37758375702276	1.5560567136758407E-4
2.380918378815413	1.592642591625725E-4
2.384253000608066	1.6355299419435073E-4
2.3875876224007193	1.6787959245004438E-4
2.3909222441933724	1.7220587820175463E-4
2.3942568659860255	1.7781956601266492E-4
2.3975914877786786	1.8462711524045274E-4
2.4009261095713317	1.917364847739891E-4
2.4042607313639848	1.9201146636634383E-4
2.407595353156638	1.9806709627580928E-4
2.410929974949291	2.0230225951843055E-4
2.414264596741944	2.0791749369639055E-4
2.417599218534597	2.14314042895553E-4
2.4209338403272502	2.2073199160461106E-4
2.4242684621199033	2.3087311401381812E-4
2.4276030839125564	2.1091593302763329E-4
2.4309377057052095	1.6637711615175542E-4
2.4342723274978626	1.3952962261562656E-4
2.4376069492905157	1.2894362985033933E-4
2.440941571083169	1.2604165607624554E-4
2.444276192875822	1.2607083158592517E-4
2.447610814668475	1.1870969429564085E-4
2.450945436461128	1.2002736806451731E-4
2.454280058253781	1.2383673458691378E-4
2.4576146800464342	1.2650125250088394E-4
2.4609493018390873	1.2710638752758222E-4
2.4642839236317404	1.0883602084796505E-4
2.4676185454243935	7.924791847716376E-5
2.4709531672170466	7.038485681128537E-5
2.4742877890096997	7.133723589863083E-5
2.477622410802353	7.504720591390313E-5
2.480957032595006	6.48082302902946E-5
2.484291654387659	6.383438703812532E-5
2.487626276180312	6.781280703205198E-5
2.490960897972965	7.061550461642329E-5
2.4942955197656183	7.023102766950805E-5
2.4976301415582713	6.981746584150454E-5
2.5009647633509244	6.973149444630101E-5
2.5042993851435775	6.756325124562556E-5
2.5076340069362306	6.403374933933065E-5
2.5109686287288837	6.515136909749591E-5
2.514303250521537	6.693308980622785E-5
2.51763787231419	7.020024718891587E-5
2.520972494106843	7.203456319865367E-5
2.524307115899496	7.287958186412057E-5
2.527641737692149	7.31673493280166E-5
2.5309763594848023	7.251082374928136E-5
2.5343109812774554	7.283601857523738E-5
2.5376456030701084	7.370588117849371E-5
2.5409802248627615	6.547768479182443E-5
2.5443148466554146	6.874854272472954E-5
2.5476494684480677	7.113507742651929E-5
2.550984090240721	7.307293057837301E-5
2.554318712033374	7.583115766967678E-5
2.557653333826027	6.730678097367962E-5
2.56098795561868	5.789423802838646E-5
2.564322577411333	5.751952691144035E-5
2.5676571992039863	5.734071559078595E-5
2.5709918209966394	5.8230167239907574E-5
2.5743264427892925	5.855290892820449E-5
2.5776610645819455	5.9390919098516294E-5
2.5809956863745986	5.902909295678345E-5
2.5843303081672517	5.689466339863328E-5
2.587664929959905	5.2962837331136806E-5
2.590999551752558	5.13930207249368E-5
2.594334173545211	5.124098191348924E-5
2.597668795337864	5.1598527029648204E-5
2.601003417130517	5.228955702203834E-5
2.6043380389231703	5.335726050025417E-5
2.6076726607158234	5.484488710366538E-5
2.6110072825084765	5.641815358003354E-5
2.6143419043011296	5.6649023134808196E-5
2.6176765260937827	5.7001607585258756E-5
2.6210111478864357	5.720348306207806E-5
2.624345769679089	5.5703668165366994E-5
2.627680391471742	5.5573081791770424E-5
2.631015013264395	5.575611851814745E-5
2.634349635057048	5.650076910253268E-5
2.637684256849701	5.7700670068018405E-5
2.6410188786423543	5.939234761968364E-5
2.6443535004350074	6.089436729760371E-5
2.6476881222276605	6.159183672173965E-5
2.6510227440203136	6.19639136881555E-5
2.6543573658129667	6.26533198033232E-5
2.6576919876056198	6.364617409908491E-5
2.661026609398273	6.494056777056617E-5
2.664361231190926	6.655259453663338E-5
2.667695852983579	6.829017528114839E-5
2.671030474776232	6.923217982773463E-5
2.674365096568885	6.960683603646744E-5
2.6776997183615383	7.040642899949245E-5
2.6810343401541914	7.161260696616535E-5
2.6843689619468445	7.297123688860971E-5
2.6877035837394976	7.433803439340855E-5
2.6910382055321507	7.560535456138713E-5
2.6943728273248038	7.695478143722677E-5
2.697707449117457	7.82446078492061E-5
2.70104207091011	7.940538120416833E-5
2.704376692702763	8.06102109688536E-5
2.707711314495416	8.19666449748743E-5
2.7110459362880692	8.355690631771754E-5
2.7143805580807223	8.537272145179218E-5
2.7177151798733754	8.732998996171218E-5
2.7210498016660285	8.936274992314924E-5
2.7243844234586816	9.14691268003508E-5
2.7277190452513347	9.218547043497145E-5
2.7310536670439878	9.175230228322288E-5
2.734388288836641	9.070729053767551E-5
2.737722910629294	8.601056983833293E-5
2.741057532421947	8.236422475020896E-5
2.7443921542146	7.934678650868535E-5
2.7477267760072532	7.765086463698169E-5
2.7510613977999063	7.763810128266688E-5
2.7543960195925594	7.869516776573226E-5
2.7577306413852125	8.028912180829643E-5
2.7610652631778656	8.197478057137742E-5
2.7643998849705187	8.353882433568352E-5
2.767734506763172	8.53337450266553E-5
2.771069128555825	8.769390022877289E-5
2.774403750348478	8.935165590020396E-5
2.777738372141131	9.081932552766771E-5
2.781072993933784	9.218985490958901E-5
2.7844076157264372	9.169255132766159E-5
2.7877422375190903	9.060209384185643E-5
2.7910768593117434	9.15440903108831E-5
2.7944114811043965	9.257094195154368E-5
2.7977461028970496	9.593046660036217E-5
2.8010807246897027	1.0105301721111247E-4
2.804415346482356	1.0656120971279689E-4
2.807749968275009	1.091685155652241E-4
2.811084590067662	1.0907685636452004E-4
2.814419211860315	1.0721854385731106E-4
2.817753833652968	1.0666406782303927E-4
2.8210884554456213	9.501599748164342E-5
2.8244230772382743	9.144677034127957E-5
2.8277576990309274	9.112153225981712E-5
2.8310923208235805	9.050062251365758E-5
2.8344269426162336	9.274907138355673E-5
2.8377615644088867	9.482694690895999E-5
2.84109618620154	9.741168889253203E-5
2.844430807994193	1.0046130282401558E-4
2.847765429786846	1.0223902395449032E-4
2.851100051579499	9.959917921933182E-5
2.854434673372152	1.0028369849697936E-4
2.8577692951648053	1.0369998706489533E-4
2.8611039169574584	1.0851457657772382E-4
2.8644385387501115	1.1226282488840558E-4
2.8677731605427645	1.1469919130764768E-4
2.8711077823354176	1.1894861058904107E-4
2.8744424041280707	1.2698299461160156E-4
2.877777025920724	1.354094244615245E-4
2.881111647713377	1.4374653277869572E-4
2.88444626950603	1.5104647168523374E-4
2.887780891298683	1.5683122158201268E-4
2.891115513091336	1.619282392095735E-4
2.8944501348839893	1.6732699519282076E-4
2.8977847566766424	1.737160278560875E-4
2.9011193784692955	1.813268035093845E-4
2.9044540002619486	1.897543673320315E-4
2.9077886220546016	1.98409089503919E-4
2.9111232438472547	2.0671326179741732E-4
2.914457865639908	2.1439759870145084E-4
2.917792487432561	2.2166198975707041E-4
2.921127109225214	2.288914863398676E-4
2.924461731017867	2.3663317388646294E-4
2.92779635281052	2.4534505985772257E-4
2.9311309746031733	2.5455208230643485E-4
2.9344655963958264	2.6337141950928943E-4
2.9378002181884795	2.718413347573437E-4
2.9411348399811326	2.798540603128005E-4
2.9444694617737857	2.882002164802041E-4
2.9478040835664387	2.9722282186739606E-4
2.951138705359092	3.067848482672188E-4
2.954473327151745	3.178505652314261E-4
2.957807948944398	3.307449643938439E-4
2.961142570737051	3.437513063729372E-4
2.964477192529704	3.56699992972796E-4
2.9678118143223573	3.6990883600101923E-4
2.9711464361150104	3.822973850314649E-4
2.9744810579076635	3.915259954990184E-4
2.9778156797003166	3.9634260470609964E-4
2.9811503014929697	4.0252186577905227E-4
2.9844849232856228	4.0554419056472733E-4
2.987819545078276	4.0786636476128655E-4
2.991154166870929	4.1508035644494405E-4
2.994488788663582	4.265665294401E-4
2.997823410456235	4.4042181018910724E-4
3.001158032248888	4.556077954020448E-4
3.0044926540415413	4.679084404549417E-4
3.0078272758341944	4.7800126949450937E-4
3.0111618976268475	4.8542797533696904E-4
3.0144965194195006	4.933903218114824E-4
3.0178311412121537	5.00834528037701E-4
3.0211657630048068	4.479398797453647E-4
3.02450038479746	3.266728890376348E-4
3.027835006590113	2.480094844113367E-4
3.031169628382766	1.930868893018215E-4
3.034504250175419	1.79367013878264E-4
3.0378388719680722	1.8565799046466231E-4
3.0411734937607253	1.9594351845924734E-4
3.0445081155533784	2.1204657531921162E-4
3.0478427373460315	2.4525442528950677E-4
3.0511773591386846	2.75689106087337E-4
3.0545119809313377	2.7482957875575044E-4
3.057846602723991	2.5009368415663814E-4
3.061181224516644	2.1100943199845885E-4
3.064515846309297	1.9130406338851123E-4
3.06785046810195	1.8818842470410603E-4
3.071185089894603	1.9052336705421618E-4
3.0745197116872562	1.9119728593562462E-4
3.0778543334799093	2.0063965220113545E-4
3.0811889552725624	2.1232025295310426E-4
3.0845235770652155	2.118993128682804E-4
3.0878581988578686	2.0914131064796296E-4
3.0911928206505217	2.0109165033964057E-4
3.094527442443175	1.9179846541502317E-4
3.097862064235828	1.7936847707352533E-4
3.101196686028481	1.636807183329767E-4
3.104531307821134	1.6165555892164282E-4
3.107865929613787	1.585949592648441E-4
3.1112005514064403	1.4978150687047924E-4
3.1145351731990933	1.4059970506347794E-4
3.1178697949917464	1.3422565974382234E-4
3.1212044167843995	1.3072849357641974E-4
3.1245390385770526	1.2457862936594637E-4
3.1278736603697057	1.2421974464230483E-4
3.131208282162359	1.2623801395111845E-4
3.134542903955012	1.2975463159284648E-4
3.137877525747665	1.3427886247073222E-4
3.141212147540318	1.3892731392063187E-4
3.144546769332971	1.41414616062948E-4
3.1478813911256243	1.4129895009242651E-4
3.1512160129182774	1.4428249657051073E-4
3.1545506347109304	1.4943997552938003E-4
3.1578852565035835	1.4990750238185748E-4
3.1612198782962366	1.52396924527028E-4
3.1645545000888897	1.5199506970636588E-4
3.167889121881543	1.5325888518729773E-4
3.171223743674196	1.5509833564159497E-4
3.174558365466849	1.5652442542818054E-4
3.177892987259502	1.5836147658683877E-4
3.181227609052155	1.6062470102119704E-4
3.1845622308448083	1.638310287474547E-4
3.1878968526374614	1.657873940078972E-4
3.1912314744301145	1.7010520463761933E-4
3.1945660962227675	1.7487322002152525E-4
3.1979007180154206	1.7411933875844266E-4
3.2012353398080737	1.705488188040627E-4
3.204569961600727	1.6594188647216004E-4
3.20790458339338	1.519697414453496E-4
3.211239205186033	1.4328195058848741E-4
3.214573826978686	1.3195975807191548E-4
3.217908448771339	1.2284756720224582E-4
3.2212430705639923	1.1753030769120217E-4
3.2245776923566454	1.1555388975378094E-4
3.2279123141492985	1.154138983208049E-4
3.2312469359419516	1.1119579975311815E-4
3.2345815577346047	1.0897808006657194E-4
3.2379161795272577	1.1011871380804416E-4
3.241250801319911	1.122520481934131E-4
3.244585423112564	1.1225822668122782E-4
3.247920044905217	1.0683352379249675E-4
3.25125466669787	1.0384619216356105E-4
3.254589288490523	1.0320642168300176E-4
3.2579239102831763	1.022146279117407E-4
3.2612585320758294	1.0196600771443004E-4
3.2645931538684825	9.428663564549514E-5
3.2679277756611356	9.500140270981183E-5
3.2712623974537887	9.808066934720719E-5
3.2745970192464418	9.546725737588556E-5
3.277931641039095	9.934131240218513E-5
3.281266262831748	1.0229489383289319E-4
3.284600884624401	1.0490150899960705E-4
3.287935506417054	9.58036437817648E-5
3.291270128209707	9.249501901687904E-5
3.2946047500023603	9.249206722533476E-5
3.2979393717950134	9.303802603828149E-5
3.3012739935876665	9.526578532478384E-5
3.3046086153803196	9.851385071142796E-5
3.3079432371729727	1.0235531538739137E-4
3.3112778589656258	1.0617543222962203E-4
3.314612480758279	1.0961620336425752E-4
3.317947102550932	1.1286985774591186E-4
3.321281724343585	1.1598987280774741E-4
3.324616346136238	1.191397525971998E-4
3.3279509679288912	1.2171463947428408E-4
3.3312855897215443	1.1297835083824562E-4
3.3346202115141974	1.0890447735339811E-4
3.3379548333068505	1.0695002375261761E-4
3.3412894550995036	1.0401643807768317E-4
3.3446240768921567	1.0344477534676979E-4
3.3479586986848098	1.0690671418625885E-4
3.351293320477463	1.1367206863994779E-4
3.354627942270116	1.2083880958145351E-4
3.357962564062769	1.2588787287109182E-4
3.361297185855422	1.269399437824291E-4
3.3646318076480752	1.2660514322927673E-4
3.3679664294407283	1.2779607569242128E-4
3.3713010512333814	1.3073976540636952E-4
3.3746356730260345	1.3391813319569597E-4
3.3779702948186876	1.3561704679620944E-4
3.3813049166113407	1.385271717060661E-4
3.384639538403994	1.396563384872989E-4
3.387974160196647	1.41420941636642E-4
3.3913087819893	1.4688671486098227E-4
3.394643403781953	1.550694635550493E-4
3.397978025574606	1.6398127352892233E-4
3.4013126473672592	1.7125419461557712E-4
3.4046472691599123	1.76747763930944E-4
3.4079818909525654	1.800192893295051E-4
3.4113165127452185	1.327745767665572E-4
3.4146511345378716	1.1437490396342877E-4
3.4179857563305247	1.0483417575470503E-4
3.421320378123178	9.691510102274181E-5
3.424654999915831	9.841799330953401E-5
3.427989621708484	1.0056103153288602E-4
3.431324243501137	1.0571018242216608E-4
3.43465886529379	1.1221910630825784E-4
3.4379934870864433	1.1637809273390072E-4
3.4413281088790963	1.1663580235754898E-4
3.4446627306717494	1.1631184478602238E-4
3.4479973524644025	1.1766889642183642E-4
3.4513319742570556	1.2091380715452707E-4
3.4546665960497087	1.2549761165030717E-4
3.458001217842362	1.3145041524045215E-4
3.461335839635015	1.3353182420075319E-4
3.464670461427668	1.380199159615187E-4
3.468005083220321	1.3783539945722503E-4
3.471339705012974	1.388201490616552E-4
3.4746743268056273	1.3993072297882126E-4
3.4780089485982804	1.4252753518081003E-4
3.4813435703909335	1.4727889491054002E-4
3.4846781921835865	1.5161964273693548E-4
3.4880128139762396	1.5718110793386524E-4
3.4913474357688927	1.6474319399722E-4
3.494682057561546	1.726277071990236E-4
3.498016679354199	1.7957682821009022E-4
3.501351301146852	1.8563994400172477E-4
3.504685922939505	1.912614557906326E-4
3.508020544732158	1.9726629699455225E-4
3.5113551665248113	2.0447170299334706E-4
3.5146897883174644	2.1341976435778975E-4
3.5180244101101175	2.2370313881823898E-4
3.5213590319027706	2.3395916849491068E-4
3.5246936536954236	2.4365951699192165E-4
3.5280282754880767	2.4722884810732753E-4
3.53136289728073	1.5072075257457936E-4
3.534697519073383	1.0289951400135886E-4
3.538032140866036	9.265368545739945E-5
3.541366762658689	8.953795836444922E-5
3.544701384451342	9.657781829935264E-5
3.5480360062439953	1.0931364748987187E-4
3.5513706280366484	1.2128574502965939E-4
3.5547052498293015	1.3649187426313807E-4
3.5580398716219546	1.446810252708753E-4
3.5613744934146077	1.4665505883951777E-4
3.5647091152072607	1.289467933426399E-4
3.568043736999914	1.0682305397013109E-4
3.571378358792567	9.913350388677005E-5
3.57471298058522	9.807814841058697E-5
3.578047602377873	1.0273034391094937E-4
3.581382224170526	1.1235861298269166E-4
3.5847168459631793	1.239239463152483E-4
3.5880514677558324	1.289824708844274E-4
3.5913860895484855	1.336945594739127E-4
3.5947207113411386	1.3518052257356763E-4
3.5980553331337917	1.2181554246768791E-4
3.6013899549264448	1.0859648671788521E-4
3.604724576719098	1.0366861349295645E-4
3.608059198511751	1.043411862133637E-4
3.611393820304404	1.094531365402783E-4
3.614728442097057	1.1648912577271871E-4
3.61806306388971	1.256957630251846E-4
3.6213976856823633	1.1185955630923056E-4
3.6247323074750164	9.16283957024034E-5
3.6280669292676695	7.780995929535093E-5
3.6314015510603226	6.456131178378578E-5
3.6347361728529757	6.06472857924906E-5
3.6380707946456288	5.880262046500315E-5
3.641405416438282	5.9316020716571036E-5
3.644740038230935	6.08395179635225E-5
3.648074660023588	6.470298321055077E-5
3.651409281816241	6.580419609195208E-5
3.6547439036088942	6.396279216206668E-5
3.6580785254015473	6.173077450038202E-5
3.6614131471942004	6.109832714372131E-5
3.6647477689868535	6.150429281234075E-5
3.6680823907795066	6.12402885123686E-5
3.6714170125721597	6.361112213743558E-5
3.674751634364813	6.657196893520962E-5
3.678086256157466	6.98814637426428E-5
3.681420877950119	7.282178516153583E-5
3.684755499742772	7.418919439960002E-5
3.688090121535425	7.314489983055058E-5
3.6914247433280782	7.210028686728037E-5
3.6947593651207313	7.219544567366113E-5
3.6980939869133844	7.242643536242379E-5
3.7014286087060375	7.269834676648213E-5
3.7047632304986906	7.353962572967488E-5
3.7080978522913437	7.503413817838989E-5
3.711432474083997	7.693940255127407E-5
3.71476709587665	7.446426264738184E-5
3.718101717669303	5.231714287269026E-5
3.721436339461956	4.3688804377016416E-5
3.724770961254609	3.7431892018653835E-5
3.7281055830472623	3.6128382222331E-5
3.7314402048399153	3.65413591552107E-5
3.7347748266325684	3.7764679993171295E-5
3.7381094484252215	4.038193022773612E-5
3.7414440702178746	4.386817725247745E-5
3.7447786920105277	4.657181418938311E-5
3.748113313803181	4.72101888553854E-5
3.751447935595834	4.7347946816012514E-5
3.754782557388487	4.7847717094279374E-5
3.75811717918114	4.895131639798893E-5
3.761451800973793	5.047309833543988E-5
3.7647864227664463	5.249816438707385E-5
3.7681210445590994	5.488325680730481E-5
3.7714556663517524	5.722651627723051E-5
3.7747902881444055	5.912001763547253E-5
3.7781249099370586	6.000788816122812E-5
3.7814595317297117	5.945856721830547E-5
3.784794153522365	5.87424104786978E-5
3.788128775315018	5.907517403902657E-5
3.791463397107671	5.981883521804556E-5
3.794798018900324	6.130175398248092E-5
3.798132640692977	6.326841034019432E-5
3.8014672624856303	6.533444387108948E-5
3.8048018842782834	6.748385177651266E-5
3.8081365060709365	6.962496873291993E-5
3.8114711278635895	7.173309791174718E-5
3.8148057496562426	7.387755513785903E-5
3.8181403714488957	7.619982323323972E-5
3.821474993241549	7.873861736889475E-5
3.824809615034202	8.027845555155331E-5
3.828144236826855	8.127355881331111E-5
3.831478858619508	8.220398545258192E-5
3.834813480412161	8.363309084438509E-5
3.8381481022048143	8.422399126258913E-5
3.8414827239974674	8.501244175690497E-5
3.8448173457901205	8.690398466917106E-5
3.8481519675827736	8.931407884804401E-5
3.8514865893754267	9.180243827251242E-5
3.8548212111680797	9.472912771305161E-5
3.858155832960733	9.82598546516632E-5
3.861490454753386	1.0192601083393232E-4
3.864825076546039	1.0528423732250131E-4
3.868159698338692	1.0769126939238616E-4
3.871494320131345	1.102657525104273E-4
3.8748289419239983	1.1279586065789404E-4
3.8781635637166514	1.1551230434210127E-4
3.8814981855093045	1.1881798579811112E-4
3.8848328073019576	1.2255309330258817E-4
3.8881674290946107	1.25059220095352E-4
3.8915020508872638	1.2396475315812076E-4
3.894836672679917	1.2472014106628337E-4
3.89817129447257	1.2431087618048738E-4
3.901505916265223	1.257375103741944E-4
3.904840538057876	1.2837103393896924E-4
3.908175159850529	1.2204576691891099E-4
3.9115097816431823	1.1748638258087843E-4
3.9148444034358354	1.0959903465604308E-4
3.9181790252284885	1.1034656103579129E-4
3.9215136470211416	1.1328543732335607E-4
3.9248482688137947	1.1628730225305194E-4
3.9281828906064478	1.2086246587451688E-4
3.931517512399101	1.2101412116329587E-4
3.934852134191754	1.177143807662383E-4
3.938186755984407	1.1222142231666137E-4
3.94152137777706	1.0968769193308712E-4
3.9448559995697132	1.0701831179523684E-4
3.9481906213623663	1.0638224816545094E-4
3.9515252431550194	1.0763464835362074E-4
3.9548598649476725	1.0548815574270258E-4
3.9581944867403256	1.0300341279390243E-4
3.9615291085329787	1.0613507695686751E-4
3.9648637303256318	1.1243493244150683E-4
3.968198352118285	1.1588103267239221E-4
3.971532973910938	1.1741491461664289E-4
3.974867595703591	1.1867235585249137E-4
3.978202217496244	1.2025096034853798E-4
3.9815368392888972	1.233269752683723E-4
3.9848714610815503	1.2529041593757227E-4
3.9882060828742034	9.916634849057165E-5
3.9915407046668565	9.271930251426992E-5
3.9948753264595096	9.051263968104506E-5
3.9982099482521627	9.036691095034458E-5
4.001544570044382	9.14771075253173E-5
4.004879191836099	9.424282977692666E-5
4.008213813627815	9.799069266044152E-5
4.011548435419532	1.0173466638812548E-4
4.014883057211248	1.0532331412272026E-4
4.018217679002965	1.0793635057300211E-4
4.021552300794681	1.0981070742007856E-4
4.024886922586398	1.1192421371958408E-4
4.028221544378114	1.146872001937209E-4
4.031556166169831	1.1832776853475735E-4
4.034890787961547	1.228344032495976E-4
4.038225409753264	1.2786852665431296E-4
4.0415600315449804	1.3164842034729842E-4
4.044894653336697	1.354149773063492E-4
4.0482292751284135	1.3153910987320913E-4
4.05156389692013	1.259371711043167E-4
4.0548985187118465	1.2287668466863167E-4
4.058233140503563	1.217890682901419E-4
4.0615677622952795	1.2363748704979384E-4
4.064902384086996	1.2730446883488757E-4
4.0682370058787125	1.316204313060423E-4
4.071571627670429	1.3531789883337433E-4
4.0749062494621455	1.404506446128297E-4
4.078240871253862	1.4746115846661973E-4
4.0815754930455785	1.534220557173952E-4
4.084910114837295	1.496812721931532E-4
4.0882447366290116	1.413537484085116E-4
4.091579358420728	1.3228776745080842E-4
4.094913980212445	1.2853110142634896E-4
4.098248602004161	1.0424095805502415E-4
4.101583223795878	9.180657738178223E-5
4.104917845587594	8.824745870715483E-5
4.108252467379311	7.732937767306527E-5
4.111587089171027	7.124039414282705E-5
4.114921710962744	6.644911397930581E-5
4.11825633275446	6.584769003299404E-5
4.121590954546177	6.595134227953977E-5
4.124925576337893	6.584856438001073E-5
4.12826019812961	6.591838889162532E-5
4.131594819921326	6.643724958110482E-5
4.134929441713043	6.613620269703238E-5
4.138264063504759	6.728703507593105E-5
4.141598685296476	6.723522051738879E-5
4.144933307088192	6.916911052410426E-5
4.148267928879909	6.922794071479695E-5
4.151602550671625	6.958064522399367E-5
4.154937172463342	7.055294403974111E-5
4.158271794255058	7.141409474993551E-5
4.161606416046775	7.390738908046427E-5
4.164941037838491	7.757029234801678E-5
4.168275659630208	8.075925425809501E-5
4.171610281421924	8.607819794478511E-5
4.174944903213641	9.302539547951548E-5
4.178279525005357	6.88134894031872E-5
4.181614146797074	7.203427816967928E-5
4.18494876858879	7.974055718459275E-5
4.188283390380507	8.81276484864014E-5
4.191618012172223	1.0638342100440282E-4
4.19495263396394	1.448370223571424E-4
4.198287255755656	1.8768076815450373E-4
4.201621877547373	2.3880231350647619E-4
4.204956499339089	3.0138875441141055E-4
4.208291121130806	3.763213683348365E-4
4.211625742922522	4.6420306169032E-4
4.214960364714239	5.633996972418278E-4
4.218294986505955	6.705761240197165E-4
4.221629608297672	1.63346756019766E-4
4.224964230089388	1.250532545769585E-4
4.228298851881105	7.226626960572669E-5
4.231633473672821	6.65290519099689E-5
4.234968095464538	6.465473505721676E-5
4.238302717256254	6.398133792432555E-5
4.241637339047971	6.568898077350797E-5
4.244971960839687	6.93617704486864E-5
4.248306582631404	7.416500748610228E-5
4.25164120442312	7.631653813664479E-5
4.254975826214837	7.665342216730986E-5
4.2583104480065535	7.676726081204506E-5
4.26164506979827	7.816067478288197E-5
4.2649796915899865	8.05229641647585E-5
4.268314313381703	8.362600245686466E-5
4.2716489351734195	8.745723124375478E-5
4.274983556965136	9.195858544958485E-5
4.2783181787568525	9.628900974564026E-5
4.281652800548569	9.971006488106773E-5
4.2849874223402855	1.0203189538211593E-4
4.288322044132002	1.0008590075572641E-4
4.2916566659237185	9.815964702681611E-5
4.294991287715435	9.656368808472607E-5
4.2983259095071515	9.656405900483405E-5
4.301660531298868	9.716893409457188E-5
4.304995153090585	9.674090188083493E-5
4.308329774882301	9.485611710246423E-5
4.311664396674018	9.317391099412241E-5
4.314999018465734	9.236618983527519E-5
4.318333640257451	9.248929994051473E-5
4.321668262049167	9.49757856453506E-5
4.325002883840884	9.812253145083494E-5
4.3283375056326	1.0161342449663525E-4
4.331672127424317	1.0053276678682741E-4
4.335006749216033	8.677907594583944E-5
4.33834137100775	8.273087232851312E-5
4.341675992799466	7.802493188612627E-5
4.345010614591183	6.622678070714257E-5
4.348345236382899	5.630000213092049E-5
4.351679858174616	5.118364192905258E-5
4.355014479966332	4.594708282705338E-5
4.358349101758049	4.4495843241059816E-5
4.361683723549765	4.3550414075932594E-5
4.365018345341482	4.3520944085370166E-5
4.368352967133198	4.412006464013544E-5
4.371687588924915	4.497024243232011E-5
4.375022210716631	4.618541793134076E-5
4.378356832508348	4.7508972186311245E-5
4.381691454300064	4.787576799859648E-5
4.385026076091781	4.870374913735571E-5
4.388360697883497	4.936166893979614E-5
4.391695319675214	4.953223081911572E-5
4.39502994146693	4.727676709481439E-5
4.398364563258647	4.285412456598615E-5
4.401699185050363	3.9555539359854756E-5
4.40503380684208	3.7505892687172874E-5
4.408368428633796	3.452240798519798E-5
4.411703050425513	2.9508454883466858E-5
4.415037672217229	2.830508313741802E-5
4.418372294008946	2.9255378800124135E-5
4.421706915800662	3.0198150079535802E-5
4.425041537592379	2.7338850066098186E-5
4.428376159384095	2.7380008090581945E-5
4.431710781175812	2.7433183164447232E-5
4.435045402967528	2.7995886683191394E-5
4.438380024759245	2.789025436223756E-5
4.441714646550961	2.749524430594795E-5
4.445049268342678	2.714129680117096E-5
4.448383890134394	2.7163140437803125E-5
4.451718511926111	2.7034217418903897E-5
4.455053133717827	2.693165356851347E-5
4.458387755509544	2.7140840974231057E-5
4.46172237730126	2.7677469252263077E-5
4.465056999092977	2.8418176991607078E-5
4.468391620884693	2.9267580304899385E-5
4.47172624267641	3.0162951515799373E-5
4.4750608644681265	3.1103696601782595E-5
4.478395486259843	3.2102669763155085E-5
4.4817301080515595	3.085552532550564E-5
4.485064729843276	3.1272328628614774E-5
4.4883993516349925	3.1194316961472835E-5
4.491733973426709	3.0948811482959004E-5
4.4950685952184255	2.9217887957102844E-5
4.498403217010142	2.664502653267357E-5
4.5017378388018585	2.6241246095343514E-5
4.505072460593575	2.5973501699169862E-5
4.5084070823852915	2.486996681100054E-5
4.511741704177008	2.558432496711844E-5
4.5150763259687245	2.5945990640725626E-5
4.518410947760441	2.6390199923364413E-5
4.521745569552158	2.716502186966272E-5
4.525080191343874	2.7782297369876864E-5
4.528414813135591	2.8615308133088573E-5
4.531749434927307	2.954257421444609E-5
4.535084056719024	3.0494025671193585E-5
4.53841867851074	3.153122142434001E-5
4.541753300302457	3.237220797924732E-5
4.545087922094173	3.283865691003447E-5
4.54842254388589	3.315884468125832E-5
4.551757165677606	3.3329568074086156E-5
4.555091787469323	3.31754165972965E-5
4.558426409261039	3.320727209423447E-5
4.561761031052756	3.3647028989923585E-5
4.565095652844472	3.419354691219934E-5
4.568430274636189	3.464856117056773E-5
4.571764896427905	3.5069574215319254E-5
4.575099518219622	3.560763184614486E-5
4.578434140011338	3.629044578918615E-5
4.581768761803055	3.705432275463219E-5
4.585103383594771	3.785949007261238E-5
4.588438005386488	3.875014949151433E-5
4.591772627178204	3.934585455004873E-5
4.595107248969921	3.238725378598983E-5
4.598441870761637	3.116371341776001E-5
4.601776492553354	3.1013276316229815E-5
4.60511111434507	3.113867910010428E-5
4.608445736136787	3.1652955984519005E-5
4.611780357928503	3.248952445334611E-5
4.61511497972022	3.3721448716922754E-5
4.618449601511936	3.5215696167458276E-5
4.621784223303653	3.672060167444855E-5
4.625118845095369	3.503521969237284E-5
4.628453466887086	3.4576018866131085E-5
4.631788088678802	3.540032258859984E-5
4.635122710470519	3.657857808790047E-5
4.638457332262235	3.830411782314432E-5
4.641791954053952	3.8211060877359086E-5
4.645126575845668	2.785999177924837E-5
4.648461197637385	2.7820110753651277E-5
4.651795819429101	2.5310423942881095E-5
4.655130441220818	2.115042036745096E-5
4.658465063012534	1.8436221553422338E-5
4.661799684804251	1.7364254467798675E-5
4.665134306595967	1.76587993027999E-5
4.668468928387684	1.8586583642308732E-5
4.6718035501794	1.957794978320503E-5
4.675138171971117	2.0569878987407487E-5
4.678472793762833	2.1310292389715688E-5
4.68180741555455	2.188024848820146E-5
4.685142037346266	2.2614257673100997E-5
4.688476659137983	2.352612024339718E-5
4.6918112809296995	2.46264001055035E-5
4.695145902721416	2.5954073031180982E-5
4.6984805245131325	2.633180443782029E-5
4.701815146304849	2.713504208562642E-5
4.7051497680965655	2.832418376954947E-5
4.708484389888282	3.011516386395625E-5
4.7118190116799985	3.282715780616833E-5
4.715153633471715	3.6770465291790945E-5
4.7184882552634315	2.1090333100643734E-5
4.721822877055148	2.187038203463168E-5
4.7251574988468645	2.2706764726734173E-5
4.728492120638581	2.3306903544856556E-5
4.7318267424302975	2.2797246346755182E-5
4.735161364222014	2.2886633159028734E-5
4.738495986013731	2.350295451048477E-5
4.741830607805447	2.4505242741863465E-5
4.745165229597164	2.4370390243706987E-5
4.74849985138888	2.490328840271963E-5
4.751834473180597	2.5561553024101097E-5
4.755169094972313	2.6360339616855494E-5
4.75850371676403	2.721329069541832E-5
4.761838338555746	2.802511533650525E-5
4.765172960347463	2.8796420232779567E-5
4.768507582139179	2.9569123786756373E-5
4.771842203930896	2.866186688046058E-5
4.775176825722612	3.023367074906763E-5
4.778511447514329	3.180731868158304E-5
4.781846069306045	3.2891642191486506E-5
4.785180691097762	3.3735552762156964E-5
4.788515312889478	2.787848694909639E-5
4.791849934681195	2.377059883900949E-5
4.795184556472911	2.201204413945683E-5
4.798519178264628	2.2169705588726265E-5
4.801853800056344	2.26487471993369E-5
4.805188421848061	2.3304286387160185E-5
4.808523043639777	2.4182014444927632E-5
4.811857665431494	2.5179017563674677E-5
4.81519228722321	2.6058048662801792E-5
4.818526909014927	2.6606991518237088E-5
4.821861530806643	2.6958855224636865E-5
4.82519615259836	2.7129345856710903E-5
4.828530774390076	2.7367653938766883E-5
4.831865396181793	2.7807196045500522E-5
4.835200017973509	2.8408209723056046E-5
4.838534639765226	2.9174368374261195E-5
4.841869261556942	3.0034645229606202E-5
4.845203883348659	3.0829840018741156E-5
4.848538505140375	3.147266163909455E-5
4.851873126932092	3.2016664278856436E-5
4.855207748723808	3.2581584177987795E-5
4.858542370515525	3.3253296779171125E-5
4.861876992307241	3.405881954218062E-5
4.865211614098958	3.499502505228109E-5
4.868546235890674	3.583135081004753E-5
4.871880857682391	3.6694870193699045E-5
4.875215479474107	3.769196147131317E-5
4.878550101265824	3.8810807793073754E-5
4.88188472305754	3.975971265243829E-5
4.885219344849257	3.9610785361162126E-5
4.888553966640973	3.544336919160681E-5
4.89188858843269	2.468976626466784E-5
4.895223210224406	1.9485378929302846E-5
4.898557832016123	1.8523772218054396E-5
4.9018924538078394	1.6814724452571295E-5
4.905227075599556	1.593652758182989E-5
4.9085616973912725	1.547493693948522E-5
4.911896319182989	1.5267930261286044E-5
4.9152309409747055	1.5391331032606944E-5
4.918565562766422	1.5561738788394687E-5
4.9219001845581385	1.5745404481556385E-5
4.925234806349855	1.6087298585136176E-5
4.9285694281415715	1.6532196435459174E-5
4.931904049933288	1.702513633486807E-5
4.9352386717250045	1.752365490820856E-5
4.938573293516721	1.8025393016238665E-5
4.9419079153084375	1.8513511102655753E-5
4.945242537100154	1.898755253729534E-5
4.9485771588918706	1.9371520897732278E-5
4.951911780683587	1.9788617133142933E-5
4.955246402475304	2.016366835849684E-5
4.95858102426702	2.048587199526578E-5
4.961915646058737	2.0887475956651863E-5
4.965250267850453	2.1352999248460216E-5
4.96858488964217	2.183206216238614E-5
4.971919511433886	2.232191509312396E-5
4.975254133225603	2.2816030600993652E-5
4.978588755017319	2.2374055452648556E-5
4.981923376809036	2.2128147700324816E-5
4.985257998600752	2.21559502278843E-5
4.988592620392469	2.2411252652050773E-5
4.991927242184185	2.2883173380382277E-5
4.995261863975902	2.3497709749089398E-5
4.998596485767618	2.3689111534646885E-5
