0.153776819197689
0.15627659968805627
0.15951319087324398
0.17875090701891025
0.18745349513970808
0.20548164008035794
0.2275986100356123
0.2352481596955723
0.2397939338320719
0.24136874810683837
0.2448678083378205
0.2594237724075997
0.25995503505450884
0.2694703285339713
0.2843124787319962
0.29452347329669687
0.30873474910151716
0.30924071352714494
0.3199798084610946
0.32259817436371835
0.3345262856978933
0.3451847425515085
0.35897069201103543
0.36594509539054837
0.3820727114574339
0.4048268803612132
0.4132353766596149
0.4321948123711859
0.4401779823242942
0.45654593149335293
0.45775234042070917
0.4714940179929937
0.4728964881352807
0.4760366298518331
0.48529894111848165
0.49317617476997416
0.5023072515137255
0.5049967686637031
0.5129119496471177
0.5249633898100394
0.5452430764447329
0.5533147901723261
0.5661820979715726
0.5683450958911314
0.6098373410702695
0.6244628752485726
0.6450413971221525
0.6489088627005448
0.6827942489681353
0.6842868440237373
0.7076086417675178
0.7427225729060858
0.7470153648297715
0.7588833928884031
0.7599237822386002
0.7755264602138969
0.7768182506380779
0.7876443082076823
0.7905314677114208
0.8033007449032019
0.8095557301150254
0.8285831547962901
0.8335036588355202
0.847122007579058
0.8642836884408203
0.8681369237697418
0.9791518433077973
1.0336552799197198
1.0395497654782835
1.0629474578859082
1.0762922696118409
1.1126979911745898
1.1205752248260823
1.1414699744656795
1.1523197491177353
1.1746406859820708
1.2049052643287625
1.2198407017177626
1.2348694262977378
1.2514128818769361
1.258804705907592
1.2776661110116976
1.2852397660078134
1.2858611535680375
1.2957116484794784
1.296560720031235
1.3061155419814496
1.3105395684280325
1.323168124263936
1.3321363437081883
1.3629574829230706
1.3820987496001016
1.4058601039386462
1.462790588654752
1.4691151439750993
1.4708069625232922
1.4863432326677253
1.4902597135498503
1.4959391642275222
1.5026068266739983
1.5270354215988395
1.542049915929344
1.548336523917769
1.5685561272769193
1.586307572922304
1.5980222305144172
1.6162891274184101
1.6618227634472502
1.680103890600714
1.7048850794846646
1.7221542777868728
1.7279950046252135
1.7355781464543099
1.744158986885191
1.7532568597135105
1.7623104606545876
1.779726704867994
1.7925544841964882
1.8054043994686038
1.8163601104222753
1.8194291008914738
1.8210054963050704
1.835095024419974
1.8371584105932373
1.8605434538902212
1.8912539133869974
1.914376487638187
1.914667417182923
1.9238886188399893
1.9380129320091548
1.9455818435887804
1.9534859566003844
1.9720801492422053
1.9985278584530675
2.0060113885358684
2.031116710879987
2.081093347021371
2.1001919229499895
2.141439091610464
2.143532519421499
2.153493694051046
2.1681761492272322
2.168792793370966
2.1731314383207243
2.1750825636370514
2.1751189298301434
2.1940609730145835
2.206986782950543
2.2260505738249
2.2291543493483603
2.2391724449757904
2.248872731698373
2.253132319706627
2.2749046013969223
2.2752571953560317
2.3115127087299223
2.341193846848312
2.3429726280321597
2.3701935141309343
2.3759883879432024
2.3914297897578303
2.3980073272909914
2.4192641577226786
2.4308965960956272
2.4324097459560203
2.4368733008733554
2.4404656482953127
2.4624466403111795
2.4638095819827144
2.4783449912477025
2.498246785702005
2.5133656351952953
2.514851905695577
2.5249711942081325
2.5620931716609108
2.565190622629051
2.6018667189317446
2.6161649573722197
2.6173776908548962
2.620851452864597
2.62801243062606
2.645351199036792
2.6594517951235064
2.661572102294653
2.6790294561176413
2.689876068492037
2.7279910011301096
2.757298990484599
2.7579330271554636
2.769905410376881
2.7825402907681047
2.805492102025645
2.819094639380882
2.8236593871833424
2.830630628285195
2.843357214728564
2.8540409698034606
2.8624162621864304
2.8660275832743487
2.8947410644287253
2.9021787414854536
2.903625483514983
2.9185340415438716
2.9202448337580256
2.929633636131081
2.9461628614608086
2.975018645109893
2.9878464244383873
2.993524293977229
3.000221998061477
3.0268467948213087
3.0281559777726206
3.0307237472326816
3.051843018586151
3.0626327099626636
3.0702269197635705
3.08332823610967
3.1443111796472882
3.16054947543228
3.1647157762495586
3.1649545282129017
3.1795025865885305
3.1880075323555674
3.2166245640413087
3.225991230470743
3.249591308648619
3.259049681130198
3.2722268921401416
3.2813658745780434
3.321321252814337
3.323541171731779
3.3360226816564844
3.337143709087016
3.342114809568809
3.3460028299519924
3.3668770247867985
3.3853289149339116
3.3973977476239643
3.3986183868007913
3.4000256003595686
3.4200380745319774
3.429388929573111
3.440760480039095
3.443415212134811
3.4617469357308375
3.485320134548602
3.580050905275593
3.5919141899177345
3.6250801580176355
3.6386368423468
3.648824119829049
3.6609388055451744
3.6686089100099255
3.675535879224536
3.6801385743589186
3.6834510602079504
3.7277593136434732
3.7417239317908
3.797582404380107
3.803302964667361
3.833841080031658
3.834626906030211
3.836707684730605
3.851750639560051
3.864719140244423
3.8652662142796332
3.8673991705614204
3.8817764659433998
3.8822998228961585
3.8979404482033773
3.9504342573622595
3.9596855006570975
4.005868984743455
4.027944845082927
4.057368257563748
4.071102029438025
4.076939593997066
4.077434490450744
4.095546435744302
4.103505888612723
4.23111011672021
4.24646455589487
4.250860121841277
4.26544928982239
4.272505912419086
4.3024020854099705
4.313699322347768
4.3147049266434205
4.320525098675335
4.329183414906459
4.348648815038191
4.3496006606136355
4.399477684994715
4.411960776054745
4.42521230058598
4.432485539202337
4.43366664990808
4.458797270466421
4.547560823223734
4.557642164401536
4.564382559232303
4.56705152157674
4.577278327526869
4.582935642259331
4.59046186308843
4.60028705977583
4.6135496522788735
4.617967354168895
4.6197366485192655
4.623768552534854
4.630829918548039
4.64693381752795
4.648919727897981
4.656216683596782
4.669317999939202
4.681870661107736
4.716908697572618
4.727135503522748
4.743843397535582
4.79722580670198
4.803694245654048
4.804239738550275
4.8343272293395465
4.840430425221967
4.8608097235972325
4.962450070983156
4.969709079350046
4.973880123582643
4.977431361394021
4.983714807103021
4.997464390365594
5.01704363249306
5.04217899646789
5.04536499120962
5.05350785618228
5.069298689673922
5.085301395768736
5.092742235101035
5.094788228746593
5.111831324191312
5.113349217467769
5.116946308305206
5.134161747882356
5.2073748002501326
5.3077597234053195
5.325960212473337
5.349425893844065
5.356297523197692
5.359530952104311
5.376838097733581
5.419729650765299
5.4337685824336965
5.442749450986067
5.464839541575006
5.472987149964155
5.481794093245265
5.48504491467901
5.499509172692582
5.500059409005297
5.559456470279656
5.56465999816801
5.57935352131188
5.579394630921451
5.583475550240759
5.604022449331966
5.607444033759313
5.613442874478977
5.641920765939672
5.661993323381987
5.6770900369274155
5.687969853214187
5.705716555438097
5.709256725277667
5.726043676231984
5.728962458511504
5.74084313567744
5.749278511333584
5.76248260169993
5.770944856716178
5.788351614091715
5.795063548423548
5.810547640982239
5.863890521677896
5.887324580272031
5.90631247647721
5.9502618113859596
5.990832252615762
6.0063384811180685
6.039234074468785
6.041329083418062
6.060231598126441
6.060837174298194
6.083785823271628
6.083924963488637
6.104919324868633
6.115516117304899
6.135100102848853
6.137180881548663
6.138369897948555
6.149434707478394
6.1498236676304865
6.179002003592713
6.188344952937072
6.205838672948239
6.208278370162378
6.219343179692218
6.225071645672013
6.229486185284376
6.241117042515228
6.244137017679845
6.287888710234889
6.2931096306503695
6.314451842572887
6.332808864385039
6.379972654534452
6.413552880998404
6.41737765582731
6.434137727421523
6.4406314645948655
6.453852947488338
6.459845463652684
6.476562844498496
6.5100418780773515
6.531293965086579
6.5623918035879925
6.5646797114744855
6.569657136510201
6.575453591459671
6.588355684309556
6.595508756374859
6.608938949593845
6.6145377621896095
6.623003179483517
6.649798739229472
6.658686320590894
6.67060652622757
6.680839656733018
6.682085594130776
6.683065900205155
6.700251298144542
6.710206148215972
6.715061825561805
6.734811830682872
6.7423744177050535
6.755118396671974
6.772990008863426
6.782868964271033
6.79416936348649
6.80996652153345
6.8251723336581245
6.832017083651648
6.835531955269944
6.844289883247335
6.86510873821724
6.87294328111812
6.887029646951407
6.905676017169384
6.911523068561403
6.985199394606265
7.009555257138081
7.011428906651208
7.018031742403796
7.0359381396495
7.048601480536108
7.122824880616027
7.137700234725306
7.138591997025224
7.1552698494002955
7.159154707504728
7.16379060655324
7.181349153256423
7.205540577349956
7.225073966451363
7.264975585956226
7.272250405711413
7.2784374019518046
7.286017381501112
7.286276688269173
7.306573767425297
7.308738346483078
7.3097044223079894
7.323001799865285
7.334077677366932
7.337398068909182
7.351380079579712
7.355182718465003
7.377446734325202
7.3781898695751345
7.382613896020475
7.431090031398491
7.432707536421216
7.449337954631398
7.466773172505868
7.472772013225533
7.476407051394881
7.486747699340745
7.510679816666217
7.547357494097439
7.562511128640735
7.58351181457605
7.609649620568874
7.614380387947165
7.6387220202295145
7.643620388323748
7.647693401948907
7.648860282405184
7.659841291577052
7.66865772169114
7.674096839265111
7.675549905849553
7.680279092089014
7.696343462598184
7.6997239374159605
7.701028376950416
7.714967696872546
7.720530143275229
7.7803620177277395
7.788302496930205
7.806099795596664
7.80846201700815
7.887784589813666
7.897949731349439
7.935098588151895
7.967309548389377
7.969281228509941
7.981727953376889
7.999782977672579
8.017773175286237
8.030279983435737
8.081595844180617
8.081709686176415
8.098529841055603
8.12085868362036
8.141690187712605
8.145921315223106
8.150721652712598
8.169326913331455
8.17500162059423
8.179862041359282
8.21085710585418
8.213159243991432
8.23036361560644
8.251237810447108
8.253860919766959
8.26845957458925
8.292766421831002
8.309657727957564
8.314329993201783
8.322580375619493
8.33424759904998
8.350906477768454
8.356410422037532
8.361598138540504
8.367027769284547
8.37597227164886
8.382843901006348
8.402083198296248
8.426949768684008
8.43443013649125
8.449099942560915
8.509520000691992
8.524173995373353
8.545492490225401
8.553357074768462
8.565299416355462
8.575086665716448
8.577339788549954
8.594455616390452
8.602990603797657
8.610014022482876
8.613788200871353
8.633313684289579
8.635184171526097
8.686394095969332
8.68954688679741
8.712384856065599
8.723177709722803
8.74547334837212
8.750842895840602
8.758865594266716
8.777020230318872
8.781550193068343
8.78571016933147
8.806280785516677
8.807022339628196
8.817388285801156
8.831215344874149
8.83687424074862
8.860545470180497
8.884868128810554
8.900249447353959
8.907840494879338
8.922867638324703
8.925544506364792
8.927392857657683
8.950191298455108
8.954846171172191
8.957277962693547
8.97393367913436
8.977497566058377
8.97870081270841
8.996023769735707
9.0002027196648
9.018956607333728
9.042333744943127
9.04297094389183
9.04428012684351
9.064457039459915
9.075825427651433
9.081364156974782
9.084023632487735
9.1019663959366
9.134688064034437
9.146545024124588
9.14780202949486
9.163241850174995
9.18091898230033
9.194592670906761
9.20406053022398
9.204101639833574
9.224613753882052
9.248539546665645
9.253246596964136
9.261340446637623
9.27967691365529
9.288566076160535
9.292172653832976
9.29367473572198
9.309913031511533
9.310338357856946
9.313443714520108
9.323106053913483
9.34278174552061
9.353302643298962
9.370731536627904
9.392176522586395
9.40377891932483
9.416238293309414
9.42620579249708
9.441727832396403
9.45422673485175
9.46679520741564
9.484866043109777
9.52162435864196
9.532164230086279
9.560273716215457
9.567837884380717
9.573368708009914
9.585377457427796
9.594435801787908
9.601783353933385
9.607489683972771
9.612979397992374
9.63280213551074
9.651168644166187
9.660492619849828
9.664122914604727
9.667601420031895
9.688230538353832
9.6915019145942
9.711402127915262
9.726558924744731
9.735343732087161
9.745679636622341
9.78394477746002
9.801490675062421
9.802624351603912
9.811409158946342
9.826633944745524
9.833643133181267
9.903641730347701
9.910394774292898
9.957697704685891
9.96496145647335
9.976356724024987
9.976736197344314
9.986945610773052
9.999450837783721
10.024032803181985
10.059053447139414
10.08456670330886
10.09290562950108
10.120406377180505
10.120992979686632
10.121430955142689
10.146827207038676
10.149364934861678
10.152127184398616
10.159632850427146
10.17191355572388
10.186754124787242
10.22028217368865
10.221883867323978
10.232001574700545
10.25214686454034
10.305571964485148
10.32276052471185
10.328436813113456
10.343751723825978
10.359545719604151
10.364589552473545
10.370091915603792
10.399546950877752
10.401170780456708
10.428556105001503
10.435087789510426
10.436996224078877
10.441659002490113
10.455966727767587
10.460887231808199
10.471827131376642
10.479641119477126
10.48924337559494
10.492271256455407
10.521153919472715
10.546565982757008
10.55372063596516
10.562246136539382
10.571372469869207
10.577744459356246
10.591637926260121
10.623777735268323
10.644980806985743
10.651174127784932
10.664167926694235
10.666378358779317
10.695289482295575
10.72139250324881
10.724564267742855
10.762241224935575
10.770338236886724
10.787190014542523
10.79215795274805
10.82268341901028
10.82705843015436
10.906063194099497
10.913976793946304
10.93877379422552
10.94228550356813
10.942835739881154
10.965551961459392
10.999100565165596
11.042777944220182
11.05176829961058
11.083549190104252
11.098557359883651
11.10254657315308
11.11681160768213
11.145317959657772
11.168457926442592
11.176913856908271
11.191243718129373
11.234559016391767
11.26923180980648
11.27426773698172
11.278083024979791
11.28046105778091
11.285789495639799
11.301574004584989
11.306741166283164
11.308303331447728
11.362507932835989
11.448113951398593
11.47058825873576
11.51225759147557
11.514271962345667
11.516749606893109
11.547414213372425
11.587559328279605
11.592957336247038
11.596720446663701
11.604445890989675
11.615406345362915
11.619482521268024
11.626627687643193
11.63263443406038
11.642448562781485
11.645972921234739
11.668725509006078
11.68305537022718
11.683390571659253
11.735060607502172
11.740556646077097
11.755327645031917
11.7594180511865
11.771333513413381
11.79962166823041
11.817531227763833
11.820236556302872
11.832431880102757
11.873852974046175
11.876243655957937
11.892284309393673
11.897759793163802
11.90856529593165
11.915753153055244
11.93757286891657
11.942744774031237
11.958850254159024
11.959811586567987
11.9853438164034
11.991848621552204
12.011832635231285
12.013701541328972
12.02349511524528
12.033480006960083
12.038096932345233
12.042962096526777
12.095749997522882
12.11852630237668
12.131894831188818
12.161051031223808
12.163093862592854
12.163183987506194
12.192332281847031
12.194430453075146
12.206918287558679
12.214261096287665
12.218092195674041
12.238813020048148
12.256996116599254
12.26613035562323
12.279389785856063
12.279513114684844
12.306773529262028
12.307070783362168
12.316752096421508
12.322102670224025
12.34272704512947
12.368652978533685
12.369296502037711
12.370330566832878
12.386949917080589
12.391826149233946
12.392751115449807
12.403317866254245
12.413476683240406
12.439565473944166
12.492783444702175
12.494416761114113
12.496054820942543
12.52022569024487
12.541626404316105
12.544123022529513
12.547310598411864
12.551524333395228
12.564823292098824
12.570153311096544
12.661165243320733
12.678986259079647
12.681255193301459
12.687233479219696
12.68840826537078
12.714304157137216
12.720622387904017
12.724043972333286
12.73153382697351
12.734326118148228
12.75490780230525
12.75672453082153
12.76220792028581
12.767381406539307
12.782084416524414
12.79178312211089
12.820784370540489
12.832092675456446
12.84952947447954
12.862292427119586
12.878663538570903
12.933263424666796
12.938865399543367
12.952788908085022
12.95397476220792
12.962084423269713
12.964037129725419
12.972425071221386
12.98339659356644
12.987958179092521
13.007809377109837
13.009866438728357
13.020818987407445
13.030587263102465
13.07182336380271
13.08060659000631
13.096406910339805
13.111887840629533
13.124228629201827
13.140835330338893
13.155109851700926
13.179468876524085
13.198578520429882
13.201514695238178
13.211640308308898
13.226839795886791
13.241364137184048
13.258676026239531
13.26394279968403
13.274351436605414
13.283955273862059
13.294436643169648
13.297398116199233
13.307493687632173
13.333878151297242
13.347567651291978
13.384725994948285
13.400164234489589
13.420035987311701
13.451742564280337
13.506470522621504
13.53317279519151
13.549036361078226
13.577386180309645
13.60453275289103
13.625680484749381
13.664548039481492
13.687139351092117
13.695898860213259
13.705845804596128
13.711107834624135
13.735311907841902
13.757749848985966
13.777038161579613
13.778748953794247
13.806984931029868
13.833838992927605
13.87700566413993
13.883116765719931
13.889533027094226
13.890518076585646
13.91119779135016
13.912078485678766
13.933226217537117
13.938592602727939
13.945887977292008
13.96036804670201
13.964025220817028
13.97677710548526
13.98595087298
13.999548666922566
14.005251834684291
14.03378032260356
14.202756629422398
14.224132045272345
14.23909910544215
14.25309376523118
14.277789572625242
14.296244625055198
14.30774424776965
14.325867261045195
14.334822831381322
14.359403215640755
14.36641398521533
14.391021248834882
14.418585242067527
14.421279502634752
14.434236935350953
14.447754091213161
14.449782692332732
14.46055499118514
14.46338364855296
14.494909975694915
14.512272461192975
14.522581486368036
14.523672472161103
14.569623528853992
14.580742097110285
14.582117687892847
14.606533633713905
14.607313135157357
14.620311677483151
14.630051492679222
14.647274837960195
14.666360764783533
14.680175174745882
14.733884879680186
14.740204691585818
14.752249807196803
14.767019225012792
14.776626224547098
14.80361626438426
14.863057597579239
14.937116559262476
14.962525460269108
14.963131036441201
14.978637264952217
14.982620153666325
15.004210604397224
15.006329330430136
15.017142738892137
15.020880551087512
15.034821452156303
15.040462955503637
15.04824373968868
15.054399113155936
15.05604982209501
15.06805066581874
15.07102953137546
15.079507597784767
15.08112668394723
15.096204423835173
15.096323009247463
15.115369407600038
15.133236276385038
15.135590592103698
15.15513346804906
15.164327790348597
15.18321923709578
15.203919506665091
15.212032330004545
15.264341145935
15.296163146038264
15.311436947141193
15.324462368827106
15.348008688291372
15.391203820002646
15.40622622003152
15.409714212291671
15.429759890385142
15.441185199574559
15.471590499285668
15.480661492756424
15.481472616976486
15.502517574810852
15.511911120603036
15.541535337731863
15.541658666560645
15.542648459468557
15.575724302664433
15.580772878950318
15.584733631720798
15.600092814320575
15.60260682506112
15.611589274757366
15.636337259732835
15.638656790397224
15.658906435399834
15.658930152482291
15.679994083982624
15.6902572561316
15.716817226206858
15.721117923825902
15.72509923140118
15.74228621048905
15.743190621900114
15.748066854053471
15.759343536192818
15.773297086372253
15.790667477564465
15.85253902114197
15.868258703395108
15.882243876351154
15.898485334418368
15.958851633829207
15.970344931988336
15.97830912827772
15.988602342064477
16.01407132633086
16.04362439217911
16.047706892634956
16.083862794232086
16.089675060566588
16.094016867790348
16.109546813366375
16.133224367326974
16.138619213010685
16.14323297611299
16.164349085171008
16.17474191069241
16.1974676190781
16.20062831559678
16.220136406465954
16.240248492367712
16.277139623520213
16.27725820893237
16.28897444765344
16.29842017101642
16.301846498858332
16.30439845692794
16.311225814390504
16.350351094708035
16.359172268233657
16.445549882448518
16.449898014227593
16.45883777316537
16.458855165692487
16.48175479934934
16.482750916811455
16.488033501638323
16.494048153742906
16.507743978277578
16.513654275219462
16.55172809821587
16.725458889302935
16.734076095919647
16.749071616571555
16.755397753025402
16.7555021081881
16.76103767522757
16.78529708827715
16.79227939734493
16.816176729602727
16.819936677737505
16.820232350698483
16.838892951155444
16.87345506481319
16.87684344532321
16.891993917580336
16.90864489058595
16.909100258568632
16.917930918927226
16.941202120208835
16.946472055925074
16.952847207682613
16.993871435733478
16.99845199492038
17.01781462101731
17.0300652846625
17.035577134619537
17.096833615123145
17.103994592878575
17.112477402694843
17.126007207652496
17.131199667566126
17.13194438395447
17.147142290376458
17.1547712852252
17.15828773798035
17.18325708236404
17.187236808796015
17.20267030490349
17.20313990313563
17.214645850392476
17.22211831249717
17.267251920363968
17.26976434996286
17.290320735875497
17.313897096951056
17.34125079868851
17.358937417626958
17.370408579829572
17.38607766562253
17.388699193800605
17.42122005723043
17.42274111278369
17.44002137904315
17.45321123915262
17.47207738765732
17.47772679669246
17.501598830728994
17.507400029091695
17.514659037454507
17.54544222931153
17.581504843717763
17.60037415450012
17.633684006205492
17.648050233603556
17.657342586500146
17.666091027639645
17.667676909884886
17.680572678172208
17.68154665969072
17.700877663011074
17.703299967696726
17.706294644638387
17.708019667100558
17.737122108382614
17.74704217339422
17.753385702375184
17.818457470872577
17.83013101884527
17.848217665907395
17.863818762730716
17.86745538203685
17.892040509685156
17.89325482430564
17.914552764328963
17.92265768196516
17.933086873679624
17.964885156664707
17.990845875094028
18.025548710107532
18.06730500543611
18.086847881359517
18.08729060023157
18.098478738583836
18.128555161384405
18.147519340496487
18.20996325626049
18.211324616792048
18.22112451525267
18.234636927683205
18.276810643662575
18.277016191710313
18.280100993565213
18.291219561809015
18.300643149228392
18.322004334804866
18.34100646124884
18.358934994428086
18.37427994676115
18.401374341730687
18.43986400423906
18.456197168340093
18.474857768797055
18.47631241651951
18.48353505868926
18.49220444288732
18.499604172605892
18.511303018799847
18.528401454094
18.537205235092504
18.578325912611923
18.601673008557313
18.628244046574533
18.65961858435351
18.68766008148147
18.72245936596353
18.743085321984633
18.752821974892104
18.76322270610765
18.78273554039331
18.787284476803638
18.78998506192315
18.81225540232616
18.838636703683928
18.88263663501051
18.89190368968584
18.897254263482345
18.916001826574888
18.92370355380975
18.955523972738437
18.971038106926176
18.98267528870581
19.003073560735572
19.004632563620724
19.016416791311432
19.027307675563893
19.038098948070143
19.05769083929724
19.062446904894134
19.065299279341207
19.071626996933883
19.088315917271387
19.088469287737777
19.093209541946383
19.10098083928971
19.118123546471068
19.12587745128728
19.140495079759116
19.141892806483735
19.15990355888208
19.17051616270068
19.178570483894354
19.206197722649183
19.257812418575046
19.31050387004329
19.31750040936053
19.337174519806723
19.366012910904377
19.375431754907268
19.386681557673857
19.392229773823956
19.418358092969125
19.42313787564845
19.444938617819318
19.44852938409942
19.449577679142884
19.47452963099946
19.489201018191473
19.50794067558987
19.51548428894186
19.520782685157016
19.533717981915057
19.541184119464436
19.544069697826913
19.555747989216094
19.729162552537407
19.740273215087065
19.751708011096618
19.798833853887647
19.805333915612657
19.81304987309698
19.829446282751164
19.829955409454023
19.850734735941515
19.852424973349454
19.856031551017843
19.859491082775158
19.878230740173557
19.87840624658355
19.905603415576955
19.909916762301798
19.926501327476604
19.92767453248754
19.938280811750825
19.956293145287997
19.96945612603738
20.030064339621198
20.038586677908185
20.07001181212968
20.080113708106595
20.083288634874734
20.091834690244152
20.101645656676574
20.114603089378218
20.13351509090895
20.134370487015307
20.150493359652117
20.156881160520285
20.1837763319974
20.19491071162949
20.198950521336958
20.236889947532923
20.240882323075528
20.25670003591839
20.27013022912983
20.271605431657058
20.301269177223322
20.304338167689934
20.306524882690102
20.314847997484666
20.328686124513926
20.335084993353895
20.336939669200024
20.375764533140092
20.397827744356533
20.44138970022755
20.44179447176771
20.489027831999095
20.518481286101135
20.561074003870125
20.57094505357804
20.58087144314496
20.59307151034763
20.607365005359572
20.61308082222552
20.65322435594877
20.66029362765213
20.686542113348285
20.686551600181257
20.733060798829072
20.73968893279921
20.749204226270656
20.758082320794113
20.78932878632796
20.79364687646929
20.798162608964212
20.82889836665637
20.830052598001362
20.84717949379443
20.862069078144813
20.862723669619918
20.870321041692083
20.87151954492428
20.872226313980732
20.884843801834194
20.896499957279772
20.896684950522737
20.89930964097847
20.933172891273905
20.94132840535262
20.95148564118854
20.95747973848835
20.964196416232898
20.98077465685239
20.982036405637736
20.984115603197548
20.994388262167966
21.00603967419706
21.035447275273064
21.043060458733517
21.06258119871332
21.0738800167836
21.077159298714438
21.092627579876144
21.135844847482492
21.16301513711581
21.163682377701544
21.16629125676899
21.172084549437546
21.190166453083183
21.219071252011645
21.236996622913235
21.245465202480045
21.25647941556115
21.267386111201898
21.274602428816333
21.2817049044351
21.287501359381313
21.291457368730857
21.314282688862757
21.31572468747458
21.334511779037843
21.33908601366943
21.34906299967887
21.375286187153765
21.40006105146152
21.416753134076682
21.417587975378265
21.43874519404583
21.44134616741913
21.4600953116505
21.525926026785697
21.54120615242678
21.59777771858079
21.60121827667216
21.601401688776296
21.60558538211718
21.623000045177083
21.62993333894117
21.632113729386024
21.636362249418887
21.65094667397532
21.65494537407324
21.680186674335477
21.69204205327348
21.70627230273227
21.720448793470883
21.723996869002608
21.746167597659404
21.77327780401723
21.775352258160556
21.77788682370305
21.7795723176945
21.79969863384572
21.801319301145192
21.81269717615691
21.81650613959538
21.84086832666883
21.840979006386842
21.853806785704528
21.86581237283126
21.88828351786552
21.906596267780156
21.912996717758954
21.921944382390876
21.942820158346922
21.946029870169294
21.96503832116858
21.98631886866479
22.01401883980574
22.03082792669423
22.038512261401976
22.056937272173453
22.05887258609985
22.06594027666438
22.08579621807588
22.11363691057259
22.117784237720414
22.135357014663192
22.163640426031954
22.193495489396497
22.19351920647893
22.223397986925903
22.226685174550884
22.25205296591942
22.29504254953443
22.31407313647732
22.331636426587124
22.33677038436409
22.33720203526434
22.385099473803802
22.403986177113275
22.413231095845003
22.43009236031484
22.44343875316836
22.446098228678323
22.4545320231909
22.45497790434061
22.462025040100368
22.4843681128895
22.495937305699496
22.518372084540694
22.53687615225361
22.54945727391401
22.561954595216484
22.57102400753822
22.58791057022932
22.589638754969148
22.59556486329932
22.610574614200686
22.6207919333121
22.623767636587814
22.658334493662046
22.668491729497966
22.67128085839189
22.67828846568093
22.695118107374192
22.69644152057386
22.702321775877998
22.71402378434961
22.716849279436595
22.72933553276727
22.75065086531771
22.77125310425638
22.78000312653471
22.793411183802547
22.8081837638796
22.843879554077564
22.846761970162383
22.849626993720086
22.869356444025286
22.903088459797935
22.90468382887615
22.906723497965242
22.91408844262958
22.929765434116682
22.93058130175232
22.94709471567983
22.95225239053923
22.95330542899918
22.973645198892278
22.974132189651534
23.000943560770725
23.003789610662484
23.03002386610918
23.031350441586504
23.050504357358037
23.06522475985374
23.08614796997465
23.087178872491
23.102874837644045
23.126236163838893
23.134070706735372
23.146277098493357
23.15585879979561
23.168443083733667
23.214174362077735
23.298708368418268
23.306900248690045
23.326651834938847
23.3342650183993
23.341471849180763
23.35042425722917
23.357718050646216
23.36743572988774
23.375306638977282
23.396210875432246
23.41002844765673
23.41194953133367
23.438792525229434
23.45113963834318
23.46786966829023
23.48187539603534
23.488822920048886
23.520603810506852
23.521016487741157
23.548226305845194
23.5599994655641
23.57260746658459
23.57312608012042
23.584758518483568
23.59241123041474
23.59823930813753
23.612181790329487
23.617779021783278
23.61792922997201
23.639361566795777
23.64447338862914
23.65495001450847
23.662076207209665
23.678703463132848
23.694472160672017
23.777442420710912
23.795184379508367
23.81628151490044
23.816950336625002
23.83621018869806
23.83960015034691
23.86372358545722
23.86831995603241
23.89993008349687
23.904733583258626
23.926686114757054
23.941730650712653
23.960177797427733
23.982120842093188
23.992472558005044
24.02921664324647
24.036281171533346
24.045997269636043
24.049749312076678
24.06391631598232
24.064022252283845
24.079468397501948
24.086869708359348
24.140666375868893
24.16277069669488
24.215544367382222
24.238572073284203
24.245731469900804
24.25078953301399
24.272580788351885
24.28954957026208
24.302018431065637
24.321379476023736
24.334352720113667
24.341518441285583
24.352722391026138
24.368862656190064
24.37512870936842
24.416358485467022
24.428261298569886
24.44002497145582
24.471946583269546
24.475461454885867
24.48511746971307
24.52558039347973
24.544720079001802
24.54625694594335
24.555174568937527
24.570320297778167
24.582194650382114
24.591320983701685
24.593640514363468
24.627936996697983
24.66166110677649
24.669990546126368
24.678503397580382
24.68443424932704
24.692728903622687
24.69870402725655
24.708878655619586
24.70906364886255
24.713554083136213
24.729944168235082
24.745889953323072
24.760309939441314
24.77373538923627
24.785644526894448
24.793007890419958
24.794649112524205
24.823215547743313
24.83087616536863
24.841164635727335
24.850330497517625
24.867481110393125
24.868864606868286
24.88897036821473
24.891209260796245
24.905213407402524
24.918909231937196
24.92083189675296
24.93766628186271
24.956614649586506
24.97039585561793
25.025484313550567
25.03199228096972
25.050926418444057
25.061050450364572
25.075418258901465
25.07859951022492
25.115696189425158
25.1359173739061
25.146903126488287
25.168893605318605
25.17405602359449
25.1968544643663
25.222114738294483
25.231871946006727
25.265567595586315
25.28099951055496
25.28136633476323
25.302126687584778
25.325453228725394
25.369187528728744
25.39266744033575
25.440371979938103
25.45517934506939
25.45652331307383
25.474393344116415
25.4868416501152
25.489224426330132
25.510425916884902
25.523737524684186
25.526558276354685
25.529314201333204
25.548294191833573
25.554297775966354
25.57714048862537
25.57831211249748
25.601989666458078
25.618879391426834
25.62142186266347
25.635800739172165
25.636218159822956
25.648889406396595
25.6658423769185
25.669268704760412
25.684248414024033
25.774716434388882
25.790750763251282
25.813264599033918
25.815949372765143
25.845486627225107
25.85696095170538
25.878355341197256
25.88422769080725
25.89048900056912
25.910618478997993
25.91133157260976
25.9186965172741
25.932752841461728
25.94075972849054
25.94671587845846
25.96800591278764
25.97346558516333
25.978585312690836
26.02191009773754
26.05849448795726
26.06540406463892
26.07894809984603
26.085674264423552
26.10079943845942
26.108169126540243
26.110428573926534
26.11696025842812
26.12177166388402
26.136169514058658
26.1417256359029
26.154074330155474
26.165523356414486
26.18137269203392
26.189607263054075
26.209243426168378
26.228672460096114
26.235852411517488
26.28272052867943
26.29789313688016
26.315495955460683
26.32037376874739
26.35375319056123
26.355283732947463
26.43365446013351
26.468524895862863
26.47148795002795
26.487033706992264
26.491650632372227
26.50629830248181
26.522441729923393
26.52578583854621
26.54710117109665
26.568716920024553
26.56968615812658
26.570147850664576
26.59262532025415
26.597443050265365
26.605125803834284
26.61560559199127
26.62579761288142
26.646113665692088
26.669511358079998
26.69022902015317
26.704525677442767
26.70866193661879
26.721945083919156
26.726056044873918
26.73609469529768
26.73934393559077
26.748416510190165
26.75807094387854
26.767575169378183
26.771790485495643
26.77406732540905
26.785664978717964
26.80755900807973
26.822503932289116
26.822584570369383
26.838666333396645
26.839849025240554
26.875151111870156
26.89823890104763
26.91755093070204
26.94669922501013
26.947998921127365
26.955770218470693
26.96971586294031
26.97438496590162
26.978927577756632
27.031620610363706
27.04547929219774
27.08281788563878
27.121800863461722
27.171320550439486
27.187014934453703
27.191992359486623
27.225425540020638
27.231207764717393
27.31411003578665
27.335308364063764
27.338864345289632
27.339683375202927
27.354511295138987
27.3931132185042
27.39768429085813
27.425294137085842
27.434719305644048
27.441417009722652
27.45796362756557
27.461665073563683
27.46901895025622
27.545816444307658
27.584785191881142
27.62283371665629
27.656551502179482
27.683726535229287
27.711020153691248
27.71391363774787
27.719121909049786
27.737984895276828
27.740932138053626
27.749658443249523
27.753440527327903
27.771152444487612
27.78863825879481
27.823323701281197
27.824620235120776
27.824642371064378
27.846343501489034
27.847190991901247
27.85160711264996
27.882145227988524
27.894460718325693
27.910988362502664
27.93507543141991
27.937379150693406
27.9402710536112
27.959042333786172
27.965611965619647
27.974856884351375
27.98602130562121
28.021514710049093
28.044338449042165
28.054734436841226
28.05853707572438
28.064520105052388
28.08048644494515
28.087614218785177
28.087969975021647
28.107316789730287
28.112461815479055
28.13236044763893
28.15031269790061
28.16731310258738
28.176727203173783
28.187366686352473
28.190617507784392
28.193877816049284
28.21355983218962
28.226678541051797
28.275216340816904
28.28682506209762
28.363723749034097
28.39333847929667
28.398172020696173
28.41324343601186
28.41334779117456
28.418820112660878
28.436370753660054
28.444369734994723
28.44876371979983
28.462394717642525
28.485254822828658
28.488240012937347
28.49026861405464
28.49143391337143
28.59670613658991
28.597335429843753
28.60068902529954
28.613115195354723
28.6232866614401
28.62391121127746
28.63973050525915
28.654969521290685
28.719170082293434
28.730249122066517
28.7317053509278
28.741704472880844
28.751690945723258
28.754219186710436
28.76070343704716
28.779028836072424
28.793940556366408
28.805625172310904
28.834620096152605
28.846350565123135
28.85314788094795
28.880348212219015
28.901026345821467
28.911121917243065
28.91423992301337
28.920948695063775
28.943505221594787
28.943909993134948
28.946735488221933
28.969518117605457
28.970335566379923
28.999997730807358
29.00409446151266
29.02727711901986
29.035869027415313
29.053414924998002
29.069776549597954
29.100698881671907
29.116864445057093
29.122369970458816
29.123720263018573
29.13351225578505
29.1473772621744
29.16454052416053
29.168496533510073
29.252170400327763
29.2587653303825
29.27059541109924
29.284882581555866
29.294546502077214
29.310651982186908
29.31430757515899
29.334625209108484
29.349170105194197
29.349892685638938
29.373230294751355
29.375401198363235
29.379562755760517
29.444908061275285
29.451556750050198
29.471140735583152
29.47854520871821
29.500194161561517
29.500738073318608
29.524814074264054
29.581448885971213
29.60017747539781
29.614083591396707
29.630160611007483
29.639413435433354
29.65695300846073
29.67717419294167
29.67906839725852
29.693466247433157
29.70172611667457
29.713709567857702
29.717523274712658
29.741257749671092
29.743371732285137
29.766272947080818
29.766443710074324
29.77559059819867
29.803851873623827
29.873297072121556
29.903539514499144
29.910611948480163
29.984599758832903
