0.0033330406538175155	0.0015584465256829455
0.00666766244646512	0.006235264442186581
0.010002284239111522	0.014030453837139826
0.013336906031757297	0.02494401471054316
0.016671527824403072	0.03884246939900244
0.020006149617048847	0.05593403770556137
0.02334077140969462	0.07587168285043631
0.026675393202340397	0.09909853482267562
0.03001001499498617	0.12542240912248132
0.03334463678763654	0.15484329619719978
0.036679258580289635	0.1873611960416346
0.04001388037294273	0.22297610865577888
0.04334850216559582	0.26168803403963853
0.04668312395824891	0.30349697219320687
0.050017745750902	0.3484029231164917
0.053352367543555095	0.3964058868096056
0.056686989336208186	0.4459628960191203
0.06002161112886128	0.4993067470581285
0.06335623292151436	0.5557708888444614
0.06669085471416746	0.6158054423136265
0.07002547650682055	0.6789572036607822
0.07336009829947364	0.7452013899917629
0.07669472009212673	0.8117137508326757
0.08002934188477982	0.8808157975043425
0.08336396367743291	0.9471218209512147
0.086698585470086	1.0232976905350577
0.0900332072627391	1.1012985772838786
0.09336782905539219	1.1797805927449272
0.09670245084804528	1.2656186224227493
0.10003707264069837	1.3545485457630915
0.10337169443335147	1.4452278527691962
0.10670631622600456	1.5316506065036397
0.11004093801865765	1.6231200476074386
0.11337555981131074	1.7113788701905979
0.11671018160396383	1.8069519123387514
0.12004480339661693	1.9048894715853326
0.12337942518927002	2.0122815719538534
0.1267140469819231	2.122501222105015
0.1300486687745762	2.2199323022930555
0.13338329056722928	2.3080658919481274
0.13671791235988237	2.413404471954576
0.14005253415253546	2.523071596210399
0.14338715594518855	2.6202197033294543
0.14672177773784165	2.7295515326699653
0.15005639953049474	2.834379996531054
0.15339102132314783	2.930465065750245
0.15672564311580092	3.0458531946790557
0.16006026490845401	3.1531281699745777
0.1633948867011071	3.2855663896843135
0.1667295084937602	3.3742528044398172
0.1700641302864133	3.506733768402394
0.17339875207906638	3.633731250432741
0.17673337387171947	3.7593758319421875
0.18006799566437257	3.8871613795377837
0.18340261745702566	4.01671598657107
0.18673723924967875	4.11289720717126
0.19007186104233184	4.252550317660718
0.19340648283498493	4.395866992577636
0.19674110462763802	4.5318121359574794
0.20007572642029112	4.6262343093471365
0.2034103482129442	4.728633612595122
0.2067449700055973	4.853421343897179
0.2100795917982504	4.909760337854152
0.21341421359090348	5.014208166387137
0.21674883538355658	5.1354066351168015
0.22008345717620967	5.284837636209864
0.22341807896886276	5.408825933191929
0.22675270076151585	5.523617321956495
0.23008732255416894	5.669278606201451
0.23342194434682204	5.823958354432711
0.23675656613947513	5.924917030555074
0.24009118793212822	6.016158415211867
0.2434258097247813	6.14513950323692
0.2467604315174344	6.2365462090856
0.25009505331008747	6.28417364868298
0.25342967510274056	6.438896099596794
0.25676429689539365	6.60839569889121
0.26009891868804674	6.679705627455165
0.26343354048069983	6.690786628754449
0.2667681622733529	6.802507710259196
0.270102784066006	6.921423924320222
0.2734374058586591	6.979255393184052
0.2767720276513122	7.0131555730846085
0.2801066494439653	7.078126270810276
0.2834412712366184	7.139002916249683
0.2867758930292715	7.137335106220038
0.29011051482192457	7.251779944733814
0.29344513661457766	7.352215948712102
0.29677975840723075	7.399270488495971
0.30011438019988385	7.472143373971497
0.30344900199253694	7.597792339850405
0.30678362378519003	7.6164289136227525
0.3101182455778431	7.62501480946804
0.3134528673704962	7.722157336545964
0.3167874891631493	7.700064122973279
0.3201221109558024	7.64479665301999
0.3234567327484555	7.66672533649832
0.3267913545411086	7.765780907082005
0.3301259763337617	7.740492588684177
0.33346059812641476	7.67723660742016
0.33679521991906786	7.691186540215868
0.34012984171172095	7.759936823513453
0.34346446350437404	7.757186013875933
0.34679908529702713	7.696042822164748
0.3501337070896802	7.666352104797454
0.3534683288823333	7.640983097347661
0.3568029506749864	7.50931217479796
0.3601375724676395	7.55093257980953
0.3634721942602926	7.473739628816299
0.3668068160529457	7.378576913492317
0.3701414378455988	7.4389816338338495
0.37347605963825187	7.4367606928563355
0.37681068143090496	7.463061609421554
0.38014530322355805	7.435786972797619
0.38347992501621114	7.4151137897002934
0.38681454680886423	7.3507632684281745
0.3901491686015173	7.318452998098139
0.3934837903941704	7.270805499876977
0.3968184121868235	7.2308310095980834
0.4001530339794766	7.177143833827917
0.4034876557721297	6.995741760557615
0.4068222775647828	6.970428040256319
0.4101568993574359	6.561938828989727
0.41349152115008897	6.361648062902967
0.41682614294274206	6.209558946772107
0.42016076473539515	5.9453310660117635
0.42349538652804825	5.814631495529628
0.42683000832070134	5.6600361265528285
0.43016463011335443	5.421981572385937
0.4334992519060075	4.984056289660482
0.4368338736986606	4.398057942824952
0.4401684954913137	3.9919757530380147
0.4435031172839668	3.6820344218593557
0.4468377390766199	3.32672315095108
0.450172360869273	3.1503828307357593
0.4535069826619261	2.960518399091069
0.45684160445457916	2.5626510340174042
0.46017622624723226	2.2004272344185205
0.46351084803988535	1.7397759033483882
0.46684546983253844	1.155462512175833
0.47018009162519153	0.783476031673615
0.4735147134178446	0.6771556229191198
0.4768493352104977	0.5451381253915804
0.4801839570031508	0.33514040307599596
0.4835185787958039	0.2905215586737677
0.486853200588457	0.20568250469819413
0.4901878223811101	0.2085486146707942
0.4935224441737632	0.1984392223285836
0.49685706596641627	0.19571188272952342
0.5001916877590693	0.18788435149320273
0.5035263095517224	0.17957408699726363
0.5068609313443755	0.17072650876225223
0.5101955531370286	0.16737066214242832
0.5135301749296817	0.16799691858495053
0.5168647967223348	0.15722734833662907
0.5201994185149879	0.13783469744516275
0.523534040307641	0.1343715369312192
0.526868662100294	0.13079980884355824
0.5302032838929471	0.12247169291808523
0.5335379056856002	0.1150876965993304
0.5368725274782533	0.10768786968405332
0.5402071492709064	0.08376894353803495
0.5435417710635595	0.055709343376941105
0.5468763928562126	0.04228948508641005
0.5502110146488657	0.036117818760198095
0.5535456364415188	0.028869171479701156
0.5568802582341719	0.027988287204547938
0.560214880026825	0.03056164179871068
0.563549501819478	0.034806204733735906
0.5668841236121311	0.036810523311949374
0.5702187454047842	0.040908907695560735
0.5735533671974373	0.042848711799674935
0.5768879889900904	0.040981998206943884
0.5802226107827435	0.03869209247345042
0.5835572325753966	0.036075903027403655
0.5868918543680497	0.03338632535100631
0.5902264761607028	0.03160990760742917
0.5935610979533559	0.026723682025642854
0.596895719746009	0.02559400202274851
0.6002303415386621	0.023173915682594456
0.6035649633313152	0.0225355826883144
0.6068995851239682	0.02324721406966643
0.6102342069166213	0.02495113487791263
0.6135688287092744	0.025538701567486
0.6169034505019275	0.025830579046296362
0.6202380722945806	0.02555773829633806
0.6235726940872337	0.024895088977972286
0.6269073158798868	0.02399785337361768
0.6302419376725399	0.022072174299447172
0.633576559465193	0.021726566052976858
0.6369111812578461	0.02060826382232844
0.6402458030504992	0.021944319765264512
0.6435804248431523	0.02341324834786396
0.6469150466358053	0.025713539864005198
0.6502496684284584	0.026874652362840347
0.6535842902211115	0.027915592173499457
0.6569189120137646	0.027009439606937646
0.6602535338064177	0.025641555856076144
0.6635881555990708	0.024121433241016673
0.6669227773917239	0.02358006597469016
0.670257399184377	0.02157849198790108
0.6735920209770301	0.01861757074389591
0.6769266427696832	0.016037678539449804
0.6802612645623363	0.013285014724500171
0.6835958863549894	0.013193816680686091
0.6869305081476424	0.01317625778252002
0.6902651299402955	0.012469516993000382
0.6935997517329486	0.011655777808569147
0.6969343735256017	0.011118972881494146
0.7002689953182548	0.010460797343737045
0.7036036171109079	0.010366586673540849
0.706938238903561	0.010220839555100758
0.7102728606962141	0.007849683473125544
0.7136074824888672	0.008132582240177573
0.7169421042815203	0.008596101225097347
0.7202767260741734	0.009239480103504543
0.7236113478668265	0.009874487048071354
0.7269459696594796	0.01063702590583476
0.7302805914521326	0.01146257676428292
0.7336152132447857	0.012333906451628558
0.7369498350374388	0.011481071888322838
0.7402844568300919	0.0117595864064311
0.743619078622745	0.011887827083374889
0.7469537004153981	0.011742179757315473
0.7502883222080512	0.010570037316360236
0.7536229440007043	0.009598422512645819
0.7569575657933574	0.009111337051457077
0.7602921875860105	0.009033355967794476
0.7636268093786636	0.00910716377985848
0.7669614311713167	0.009493346110605766
0.7702960529639697	0.010149236643482095
0.7736306747566228	0.011158573376632605
0.7769652965492759	0.01191206375929493
0.780299918341929	0.011862682539731405
0.7836345401345821	0.011050790984133804
0.7869691619272352	0.010309288337981733
0.7903037837198883	0.009948677694007913
0.7936384055125414	0.009999634220331736
0.7969730273051945	0.010313038512640146
0.8003076490978476	0.011005415259939163
0.8036422708905007	0.012190598990284001
0.8069768926831538	0.013693308913901926
0.8103115144758068	0.014992306621095542
0.8136461362684599	0.015828698340900164
0.816980758061113	0.015908110967160178
0.8203153798537661	0.01600483182049632
0.8236500016464192	0.016447914270923382
0.8269846234390723	0.016703734062844665
0.8303192452317254	0.017410856278137845
0.8336538670243785	0.01800922804474307
0.8369884888170316	0.01884197202535312
0.8403231106096847	0.013602454900812718
0.8436577324023378	0.011132541589465264
0.8469923541949909	0.010875069644291389
0.850326975987644	0.010724340664047623
0.853661597780297	0.009340381826467636
0.8569962195729501	0.009401812574195246
0.8603308413656032	0.01029343894345634
0.8636654631582563	0.011423338785466171
0.8670000849509094	0.01281482023320575
0.8703347067435625	0.013480311220793316
0.8736693285362156	0.011156915561463553
0.8770039503288687	0.009290535765615787
0.8803385721215218	0.008038753956945572
0.8836731939141749	0.007221894420982106
0.887007815706828	0.006968083496801655
0.890342437499481	0.006502802113261709
0.8936770592921341	0.006337540261354016
0.8970116810847872	0.00622004412807005
0.9003463028774403	0.006393748387192557
0.9036809246700934	0.006766546616616206
0.9070155464627465	0.00735132666043598
0.9103501682553996	0.008059688802123002
0.9136847900480527	0.008977137620451235
0.9170194118407058	0.008731185803995817
0.9203540336333589	0.008499823593929166
0.923688655426012	0.007399336943971287
0.9270232772186651	0.007151296232262238
0.9303578990113182	0.007152032307186574
0.9336925208039712	0.006787676707098393
0.9370271425966243	0.00688268981324108
0.9403617643892774	0.007184005563900427
0.9436963861819305	0.006891421386716456
0.9470310079745836	0.007021103382946189
0.9503656297672367	0.007038127726664976
0.9537002515598898	0.007281213083339747
0.9570348733525429	0.007465841814115689
0.960369495145196	0.0073879414603697765
0.9637041169378491	0.007503128732635999
0.9670387387305022	0.007574618486127513
0.9703733605231553	0.0069283159442351415
0.9737079823158084	0.006397994764445764
0.9770426041084614	0.006199528347725146
0.9803772259011145	0.0063372238187750325
0.9837118476937676	0.006613279613537322
0.9870464694864207	0.006903309915058731
0.9903810912790738	0.007456932826239824
0.9937157130717269	0.004777034432067331
0.99705033486438	0.0050369814253295305
1.000384956657033	0.005481035795418936
1.0037195784496862	0.005717220652749102
1.0070542002423393	0.003818925460186859
1.0103888220349924	0.0031540887800060994
1.0137234438276455	0.003098621568076329
1.0170580656202985	0.003121324449552971
1.0203926874129516	0.003164862924948093
1.0237273092056047	0.0024813834658072302
1.0270619309982578	0.001835471954693668
1.030396552790911	0.0015719435789545953
1.033731174583564	0.001446783792447299
1.037065796376217	0.0013624476429078688
1.0404004181688702	0.0013899195842990895
1.0437350399615233	0.001494002510348782
1.0470696617541764	0.0016669712441001944
1.0504042835468295	0.0018507058324188257
1.0537389053394826	0.001944344697923644
1.0570735271321356	0.0017570490237233355
1.0604081489247887	0.0017016727506433927
1.0637427707174418	9.895448054660916E-4
1.067077392510095	9.283201274518667E-4
1.070412014302748	9.450713997108424E-4
1.073746636095401	9.895982998949623E-4
1.0770812578880542	0.0010571245104190545
1.0804158796807073	0.0011778902160689453
1.0837505014733604	0.00129170218084969
1.0870851232660135	0.0013949453710215523
1.0904197450586666	0.0014603805409061307
1.0937543668513197	0.001500090470243644
1.0970889886439728	0.0015328552186645089
1.1004236104366258	0.0015929154891680419
1.103758232229279	0.0016918115065052838
1.107092854021932	0.0017484624516052323
1.1104274758145851	0.0017706135703946591
1.1137620976072382	0.0017516825690185893
1.1170967193998913	0.0017923297295026122
1.1204313411925444	0.00185878887045177
1.1237659629851975	0.001956381395229462
1.1271005847778506	0.002105086353555106
1.1304352065705037	0.0023334791186508112
1.1337698283631568	0.0026086722363869745
1.1371044501558099	0.002260066097412075
1.140439071948463	0.0023813968924663686
1.143773693741116	0.002377331710568572
1.1471083155337691	0.002287748256500003
1.1504429373264222	0.00210788300543205
1.1537775591190753	0.0018264989375250925
1.1571121809117284	0.0017019087310287469
1.1604468027043815	0.001683239763384628
1.1637814244970346	0.0017425780331012317
1.1671160462896877	0.001868652342760713
1.1704506680823408	0.002116092037586971
1.1737852898749939	0.0023899944410619893
1.177119911667647	0.0025376868354667795
1.1804545334603	0.0023156624404390602
1.1837891552529531	0.001993958894316958
1.1871237770456062	0.0017541529925069286
1.1904583988382593	0.0016402931189537782
1.1937930206309124	0.0016229597547445214
1.1971276424235655	0.0016393658550275497
1.2004622642162186	0.0017748351690500988
1.2037968860088717	0.0019626976451856248
1.2071315078015248	0.0019392129904340573
1.2104661295941779	0.0019050644029517908
1.213800751386831	0.0018284232109730717
1.217135373179484	0.0017224770724347022
1.2204699949721372	0.0016737126693601174
1.2238046167647902	0.0016293492475985033
1.2271392385574433	0.0016778581142126068
1.2304738603500964	0.0017803746029159356
1.2338084821427495	0.0018715685038109935
1.2371431039354026	0.0019443087073584952
1.2404777257280557	0.0020255407863427853
1.2438123475207088	0.0021337803451411176
1.2471469693133619	0.0022791056850379075
1.250481591106015	0.002469937750206021
1.253816212898668	0.0027129464139009443
1.2571508346913212	0.003015557256356037
1.2604854564839743	0.0033793230603808427
1.2638200782766273	0.0037727080263026632
1.2671547000692804	0.004135022574033757
1.2704893218619335	0.0043960377303651306
1.2738239436545866	0.0046979794235462195
1.2771585654472397	0.004095731576290698
1.2804931872398928	0.0041287414717880245
1.283827809032546	0.0036866965553133597
1.287162430825199	0.0032077759046925886
1.290497052617852	0.0027845457685775634
1.2938316744105052	0.0025205661767146695
1.2971662962031583	0.0023551185091128194
1.3005009179958114	0.002158002171911263
1.3038355397884644	0.001950345736663268
1.3071701615811175	0.0018284716206891612
1.3105047833737706	0.0017970868944983296
1.3138394051664237	0.0017786128717508956
1.3171740269590768	0.0018221681678108473
1.32050864875173	0.0014081218343606411
1.323843270544383	0.0014733016222286967
1.327177892337036	0.0015752372816281576
1.3305125141296892	0.0016309535277147286
1.3338471359223423	0.001695681956677779
1.3371817577149954	0.0018260637507155554
1.3405163795076485	0.0020349596336115667
1.3438510013003016	0.0023100881125211353
1.3471856230929546	0.0026492704259173483
1.3505202448856077	0.0030425036213473844
1.3538548666782608	0.0034518485064985553
1.357189488470914	0.0034924294475570583
1.360524110263567	0.0028596652244938185
1.36385873205622	0.0023938777520287557
1.3671933538488732	0.002132024997568486
1.3705279756415263	0.0020652124900181076
1.3738625974341794	0.0010170177623663717
1.3771972192268325	9.635393818328011E-4
1.3805318410194856	9.904705988474259E-4
1.3838664628121387	0.0010690374403733113
1.3872010846047917	0.001144996062847307
1.3905357063974448	0.0012609883204389683
1.393870328190098	0.0013341702520911023
1.397204949982751	0.0013876405397401314
1.4005395717754041	0.0013568900066653483
1.4038741935680572	0.0012196054159144948
1.4072088153607103	0.001092414593843035
1.4105434371533634	0.0010540679706669857
1.4138780589460165	0.0010743316334536214
1.4172126807386696	0.0011459045361524199
1.4205473025313227	0.0012662462490487265
1.4238819243239758	0.001416441282677619
1.4272165461166288	0.0015721267681128139
1.430551167909282	0.0017121231378878217
1.433885789701935	0.0015554501034516668
1.4372204114945881	0.001414771712243922
1.4405550332872412	0.0013367546110053916
1.4438896550798943	0.001320188880478681
1.4472242768725474	0.001367206422748835
1.4505588986652005	0.0014675629179366533
1.4538935204578536	0.0016324916209848322
1.4572281422505067	0.0018621960761053126
1.4605627640431598	0.0019039313484399555
1.4638973858358129	0.002122363895879468
1.467232007628466	0.0018993909580845261
1.470566629421119	0.0016765512777354365
1.4739012512137721	0.0015941945968690678
1.4772358730064252	0.0015176445700203559
1.4805704947990783	0.0014551259197490203
1.4839051165917314	0.0014946998443347154
1.4872397383843845	0.0015990930214530778
1.4905743601770376	0.0016822922993816533
1.4939089819696907	0.0017392589851358347
1.4972436037623438	0.001765073772077844
1.5005782255549969	0.001758405143727564
1.50391284734765	0.0017644204000315984
1.507247469140303	0.0017954569762997597
1.5105820909329561	0.0019129662302343141
1.5139167127256092	0.0020738448618966994
1.5172513345182623	0.001948610875675122
1.5205859563109154	0.002023797234856074
1.5239205781035685	0.002123174490706483
1.5272551998962216	0.002260505798199117
1.5305898216888747	0.0022545769456754905
1.5339244434815278	0.0024567487053016226
1.5372590652741809	0.002641982685368809
1.540593687066834	0.0028703759681269533
1.543928308859487	0.0029914057985567797
1.5472629306521402	0.003116673620084618
1.5505975524447932	0.0031882986850804485
1.5539321742374463	0.003264667177583426
1.5572667960300994	0.0032458161602595915
1.5606014178227525	0.0032596262847415275
1.5639360396154056	0.003339348532438995
1.5672706614080587	0.001849468472702634
1.5706052832007118	0.0016506302802449203
1.573939904993365	0.0014411248582112848
1.577274526786018	0.0014307120832558527
1.580609148578671	0.0012920280140402056
1.5839437703713242	0.0011965121244785061
1.5872783921639773	0.0010311225135529885
1.5906130139566304	8.832444597541161E-4
1.5939476357492834	8.002499519352124E-4
1.5972822575419365	7.742685950282488E-4
1.6006168793345896	8.050008812061945E-4
1.6039515011272427	8.631010430965514E-4
1.6072861229198958	9.155965142889519E-4
1.610620744712549	9.771944243962638E-4
1.613955366505202	0.001008269237169522
1.617289988297855	0.0010060408457315932
1.6206246100905082	0.0010070475652478386
1.6239592318831613	0.001001963192429176
1.6272938536758144	0.0010115310602515936
1.6306284754684675	0.0010443112081198974
1.6339630972611205	0.0010937164769164003
1.6372977190537736	0.0011708638746460297
1.6406323408464267	0.0012289184336596488
1.6439669626390798	0.00130993151059998
1.647301584431733	0.0013964167817379913
1.650636206224386	0.0014472551703761838
1.653970828017039	0.0015239264225483523
1.6573054498096922	0.0015023070355519926
1.6606400716023453	0.001522667483090491
1.6639746933949984	0.0014600184993746477
1.6673093151876515	0.0014908110884188821
1.6706439369803046	0.0015563875814621631
1.6739785587729576	0.0015179015484901323
1.6773131805656107	0.0014958538702550988
1.6806478023582638	0.0015953528611766157
1.683982424150917	0.0017511315764655124
1.68731704594357	0.001962087962693981
1.690651667736223	0.0021718853285861172
1.6939862895288762	0.002305274108452807
1.6973209113215293	0.002407230258661593
1.7006555331141824	0.002512805420622688
1.7039901549068355	0.0026641380459139735
1.7073247766994886	0.00204033875697937
1.7106593984921417	0.0021142233931209942
1.7139940202847948	0.002216537505961354
1.7173286420774478	0.002383311891258797
1.720663263870101	0.0018433643717020907
1.723997885662754	0.0013058437235344959
1.7273325074554071	0.0010451052625584604
1.7306671292480602	9.617819643732848E-4
1.7340017510407133	7.347167317509974E-4
1.7373363728333664	4.973254844210683E-4
1.7406709946260195	4.830762227675278E-4
1.7440056164186726	4.796942051904443E-4
1.7473402382113257	4.862706497029155E-4
1.7506748600039788	5.038020058718521E-4
1.7540094817966319	5.270135154529165E-4
1.757344103589285	5.513095391968856E-4
1.760678725381938	5.492362258909511E-4
1.7640133471745911	5.320589753139176E-4
1.7673479689672442	5.263863910352281E-4
1.7706825907598973	5.32485921777246E-4
1.7740172125525504	5.26406983321503E-4
1.7773518343452035	5.415895744910903E-4
1.7806864561378566	5.279674637475429E-4
1.7840210779305097	4.538939207021826E-4
1.7873556997231628	4.473693235513842E-4
1.7906903215158159	4.337218015397157E-4
1.794024943308469	4.001646651039619E-4
1.797359565101122	3.9977914744241966E-4
1.8006941868937751	4.0974622493874477E-4
1.8040288086864282	4.2568819181428057E-4
1.8073634304790813	4.4574476405195385E-4
1.8106980522717344	4.700793175859976E-4
1.8140326740643875	4.543279649873868E-4
1.8173672958570406	3.817956207924617E-4
1.8207019176496937	3.4822085663343037E-4
1.8240365394423468	3.396456971188627E-4
1.8273711612349999	3.292222655013502E-4
1.830705783027653	2.9087223955613786E-4
1.834040404820306	2.8131750149580506E-4
1.8373750266129592	2.8951710335252726E-4
1.8407096484056122	3.0923434117808044E-4
1.8440442701982653	3.3070533275005547E-4
1.8473788919909184	3.530871393582363E-4
1.8507135137835715	3.75627063078303E-4
1.8540481355762246	3.9268565336646205E-4
1.8573827573688777	4.0917737519094585E-4
1.8607173791615308	4.278215717134072E-4
1.8640520009541839	4.5330050537602793E-4
1.867386622746837	4.887775957578305E-4
1.87072124453949	5.190444991654134E-4
1.8740558663321432	5.646120252467755E-4
1.8773904881247963	6.15114670456519E-4
1.8807251099174493	6.641260378160065E-4
1.8840597317101024	6.534494341529292E-4
1.8873943535027555	6.182882341010814E-4
1.8907289752954086	4.935232267229767E-4
1.8940635970880617	4.7556533678606334E-4
1.8973982188807148	4.89100345019126E-4
1.900732840673368	5.145461310207031E-4
1.904067462466021	5.491209121827078E-4
1.907402084258674	5.79476784205714E-4
1.9107367060513272	6.276420420798732E-4
1.9140713278439803	7.002891138624104E-4
1.9174059496366334	7.345111321707727E-4
1.9207405714292864	7.870664295543574E-4
1.9240751932219395	8.415439857094834E-4
1.9274098150145926	8.986905009100589E-4
1.9307444368072457	9.722109691278051E-4
1.9340790585998988	0.0010529944734264248
1.937413680392552	0.0011509286514934842
1.940748302185205	9.046226321496846E-4
1.944082923977858	9.51890648755424E-4
1.9474175457705112	9.747578055435492E-4
1.9507521675631643	9.974788699589883E-4
1.9540867893558174	9.455031884622159E-4
1.9574214111484705	9.294916385626551E-4
1.9607560329411236	9.013974480880795E-4
1.9640906547337766	9.175552439572084E-4
1.9674252765264297	8.318766031800727E-4
1.9707598983190828	7.360716684264997E-4
1.974094520111736	3.393896437669162E-4
1.977429141904389	2.2048368089944013E-4
1.980763763697042	1.7432537816666858E-4
1.9840983854896952	1.550542851149126E-4
1.9874330072823483	1.2732410844434744E-4
1.9907676290750014	1.0719588185450021E-4
1.9941022508676545	1.025247801812474E-4
1.9974368726603076	9.980974520460346E-5
2.0007714944529607	1.032914186366658E-4
2.0041061162456137	1.0908737414396214E-4
2.007440738038267	1.1411748031187856E-4
2.01077535983092	1.2212415855174694E-4
2.014109981623573	1.3212167295882134E-4
2.017444603416226	1.4439614990245412E-4
2.020779225208879	1.5862245644057666E-4
2.0241138470015323	1.7681406692209055E-4
2.0274484687941854	1.9834668546266605E-4
2.0307830905868385	2.1037211726825103E-4
2.0341177123794916	1.69005784235774E-4
2.0374523341721447	1.677777485229002E-4
2.0407869559647978	1.7590001739691986E-4
2.044121577757451	1.8363975121456585E-4
2.047456199550104	1.9220578233072197E-4
2.050790821342757	2.0254124128565323E-4
2.05412544313541	2.1438704553644697E-4
2.057460064928063	2.1970431030885856E-4
2.0607946867207163	2.2703857556310173E-4
2.0641293085133694	2.126488939808419E-4
2.0674639303060225	2.0374669955356808E-4
2.0707985520986756	2.136284237478184E-4
2.0741331738913287	2.274051969819773E-4
2.0774677956839818	2.4338184464340194E-4
2.080802417476635	2.625405257496761E-4
2.084137039269288	2.8516198564274437E-4
2.087471661061941	3.0927469440659815E-4
2.090806282854594	3.378675970260028E-4
2.0941409046472472	3.773506270988996E-4
2.0974755264399003	4.2367700390355366E-4
2.1008101482325534	4.725406448679893E-4
2.1041447700252065	5.189966253762935E-4
2.1074793918178596	5.651406067496235E-4
2.1108140136105127	5.814530528230481E-4
2.1141486354031658	4.0500842514111914E-4
2.117483257195819	4.391329113499473E-4
2.120817878988472	4.846666170837836E-4
2.124152500781125	5.39863478495026E-4
2.127487122573778	5.935934331616803E-4
2.1308217443664312	6.626766417882562E-4
2.1341563661590843	7.404394634888523E-4
2.1374909879517374	8.415545642549353E-4
2.1408256097443905	9.416718125396861E-4
2.1441602315370436	0.0010436351141226386
2.1474948533296967	7.382771275916983E-4
2.15082947512235	2.715712813943572E-4
2.154164096915003	2.267136406074016E-4
2.157498718707656	2.211546703991557E-4
2.160833340500309	2.1225972582196968E-4
2.164167962292962	2.2628972970672095E-4
2.1675025840856152	2.481317412623864E-4
2.1708372058782683	2.410019565032423E-4
2.1741718276709214	2.3597783217855397E-4
2.1775064494635745	2.4035180641096253E-4
2.1808410712562276	2.4264542287405787E-4
2.1841756930488807	2.4835426954924615E-4
2.187510314841534	2.5831115459998397E-4
2.190844936634187	2.712948627524623E-4
2.19417955842684	2.873306474102398E-4
2.197514180219493	3.063761986887965E-4
2.200848802012146	3.2394894105116127E-4
2.2041834238047993	3.433540971249316E-4
2.2075180455974523	3.64794788087776E-4
2.2108526673901054	3.883071881176399E-4
2.2141872891827585	4.1399144872686E-4
2.2175219109754116	4.421820673482263E-4
2.2208565327680647	4.732299081514512E-4
2.224191154560718	5.062212745742104E-4
2.227525776353371	5.421656094113266E-4
2.230860398146024	5.82613784110189E-4
2.234195019938677	6.203386476104696E-4
2.23752964173133	6.561371974179333E-4
2.2408642635239833	6.946435543254725E-4
2.2441988853166364	7.379619306460538E-4
2.2475335071092895	7.755477577790708E-4
2.2508681289019425	7.217441254261553E-4
2.2542027506945956	6.31727138046768E-4
2.2575373724872487	5.75007794764733E-4
2.260871994279902	5.671183616221656E-4
2.264206616072555	5.62019010819201E-4
2.267541237865208	5.262732067142975E-4
2.270875859657861	5.388687929122648E-4
2.274210481450514	5.627051328566913E-4
2.2775451032431673	5.895534644803477E-4
2.2808797250358204	5.574006609738566E-4
2.2842143468284735	5.313265193556668E-4
2.2875489686211266	5.340089627696974E-4
2.2908835904137796	5.4429624322943E-4
2.2942182122064327	5.543464853665565E-4
2.297552833999086	5.257320349201098E-4
2.300887455791739	4.2673131064686394E-4
2.304222077584392	3.2795837406376547E-4
2.307556699377045	2.7876870745937525E-4
2.310891321169698	2.3846038179396565E-4
2.3142259429623513	2.2010816743187975E-4
2.3175605647550044	2.118911518620374E-4
2.3208951865476575	2.0797600468843122E-4
2.3242298083403106	2.077803824301061E-4
2.3275644301329637	2.126147690326307E-4
2.3308990519256167	2.1953130649350692E-4
2.33423367371827	2.2526146652985295E-4
2.337568295510923	2.0892370282255695E-4
2.340902917303576	1.9221120565646874E-4
2.344237539096229	1.8237527203849733E-4
2.347572160888882	1.7148955600808577E-4
2.3509067826815353	1.670512489929093E-4
2.3542414044741884	1.6697716833156455E-4
2.3575760262668415	1.6871229396602614E-4
2.3609106480594946	1.7474303296218912E-4
2.3642452698521477	1.8220360915596965E-4
2.3675798916448008	1.9004841374391227E-4
2.370914513437454	1.9803021118102536E-4
2.374249135230107	2.0638475114765327E-4
2.37758375702276	2.140890925889792E-4
2.380918378815413	2.1481710656530992E-4
2.384253000608066	2.0522496622873862E-4
2.3875876224007193	2.02190438857981E-4
2.3909222441933724	1.9517633903969704E-4
2.3942568659860255	1.9168526838926042E-4
2.3975914877786786	1.9614017884193624E-4
2.4009261095713317	1.6041738215676914E-4
2.4042607313639848	1.0273390407321227E-4
2.407595353156638	7.4241381969255E-5
2.410929974949291	7.03761160930413E-5
2.414264596741944	7.041516541888787E-5
2.417599218534597	7.317662796664585E-5
2.4209338403272502	7.502939637696476E-5
2.4242684621199033	6.287182825329333E-5
2.4276030839125564	6.237072034332226E-5
2.4309377057052095	6.035238661593063E-5
2.4342723274978626	5.9277226269310555E-5
2.4376069492905157	5.8719972568562304E-5
2.440941571083169	5.864731071653856E-5
2.444276192875822	5.907579122263098E-5
2.447610814668475	5.926649607626662E-5
2.450945436461128	5.9028803108846866E-5
2.454280058253781	5.943510001919089E-5
2.4576146800464342	6.074069896258957E-5
2.4609493018390873	6.219406523250143E-5
2.4642839236317404	6.38861923177132E-5
2.4676185454243935	6.497929484284562E-5
2.4709531672170466	6.362584513915141E-5
2.4742877890096997	6.239089465246537E-5
2.477622410802353	6.167333024523272E-5
2.480957032595006	6.145751868439308E-5
2.484291654387659	6.16343188044973E-5
2.487626276180312	6.228930662839118E-5
2.490960897972965	6.254896642405393E-5
2.4942955197656183	6.036709922742839E-5
2.4976301415582713	5.927847481411112E-5
2.5009647633509244	5.83242730835085E-5
2.5042993851435775	5.6332858990135426E-5
2.5076340069362306	5.352224413035915E-5
2.5109686287288837	5.1976628585661093E-5
2.514303250521537	5.1734421175653486E-5
2.51763787231419	5.148650889503048E-5
2.520972494106843	5.091435336356067E-5
2.524307115899496	4.72229839630213E-5
2.527641737692149	4.5964520624515086E-5
2.5309763594848023	4.721591695791533E-5
2.5343109812774554	4.3865427265497425E-5
2.5376456030701084	3.7076567926196294E-5
2.5409802248627615	2.7322237389046382E-5
2.5443148466554146	2.212788409317233E-5
2.5476494684480677	1.7965773249469332E-5
2.550984090240721	1.5449973653814787E-5
2.554318712033374	1.4272129900486731E-5
2.557653333826027	1.3416078289775031E-5
2.56098795561868	1.365301180853864E-5
2.564322577411333	1.4308058104300545E-5
2.5676571992039863	1.5296027997161536E-5
2.5709918209966394	1.6513907443857164E-5
2.5743264427892925	1.69952292108353E-5
2.5776610645819455	1.6434937541910055E-5
2.5809956863745986	1.6638166848862823E-5
2.5843303081672517	1.6956524228907037E-5
2.587664929959905	1.7434836594416175E-5
2.590999551752558	1.7846756310899885E-5
2.594334173545211	1.8355878361155484E-5
2.597668795337864	1.8889024151954303E-5
2.601003417130517	1.9452608534281464E-5
2.6043380389231703	1.9282276767238745E-5
2.6076726607158234	1.98862046026385E-5
2.6110072825084765	2.079830682372061E-5
2.6143419043011296	1.9828359045724945E-5
2.6176765260937827	1.7724086868766905E-5
2.6210111478864357	1.6638845642283743E-5
2.624345769679089	1.5586674161104145E-5
2.627680391471742	1.526752237323557E-5
2.631015013264395	1.5413865197709148E-5
2.634349635057048	1.579068182961602E-5
2.637684256849701	1.627476983883044E-5
2.6410188786423543	1.6723266030973105E-5
2.6443535004350074	1.7180080615614907E-5
2.6476881222276605	1.736802899922176E-5
2.6510227440203136	1.741390011119524E-5
2.6543573658129667	1.7337315912355564E-5
2.6576919876056198	1.7183903750126213E-5
2.661026609398273	1.6692129156049593E-5
2.664361231190926	1.6077448401956298E-5
2.667695852983579	1.5394610126355012E-5
2.671030474776232	1.4756850065246381E-5
2.674365096568885	1.4020703218797512E-5
2.6776997183615383	1.3454609286599042E-5
2.6810343401541914	1.3053021956524705E-5
2.6843689619468445	1.2325612334435454E-5
2.6877035837394976	1.2079716936829942E-5
2.6910382055321507	1.193986390608406E-5
2.6943728273248038	1.1673793827797948E-5
2.697707449117457	1.1086526205663016E-5
2.70104207091011	1.0328513701033138E-5
2.704376692702763	9.597440884396953E-6
2.707711314495416	9.033252436796343E-6
2.7110459362880692	8.668847451861773E-6
2.7143805580807223	8.486598605701543E-6
2.7177151798733754	8.42923134677204E-6
2.7210498016660285	8.489553110139237E-6
2.7243844234586816	8.635106552900608E-6
2.7277190452513347	8.862467983000138E-6
2.7310536670439878	5.601964912606116E-6
2.734388288836641	4.431838305082388E-6
2.737722910629294	3.6147868691447687E-6
2.741057532421947	3.1785610471019986E-6
2.7443921542146	2.8883060953949064E-6
2.7477267760072532	2.6360004707494984E-6
2.7510613977999063	2.4532844644058692E-6
2.7543960195925594	2.3854279074227645E-6
2.7577306413852125	2.4225937195817563E-6
2.7610652631778656	2.5215032652214595E-6
2.7643998849705187	2.641966397194415E-6
2.767734506763172	2.761230365220553E-6
2.771069128555825	2.873069456671498E-6
2.774403750348478	2.9829087065202645E-6
2.777738372141131	3.1016127227204408E-6
2.781072993933784	3.2396594371782164E-6
2.7844076157264372	3.403650898694445E-6
2.7877422375190903	3.5957593054141144E-6
2.7910768593117434	3.814761005554366E-6
2.7944114811043965	4.0572054313574214E-6
2.7977461028970496	4.318513368959305E-6
2.8010807246897027	4.594316670790983E-6
2.804415346482356	4.881749466535102E-6
2.807749968275009	5.179984316507821E-6
2.811084590067662	5.489803263463152E-6
2.814419211860315	5.812722471193226E-6
2.817753833652968	6.1503051350442286E-6
2.8210884554456213	6.503876051151729E-6
2.8244230772382743	6.874502108020054E-6
2.8277576990309274	7.263088771668609E-6
2.8310923208235805	7.670544366830644E-6
2.8344269426162336	8.0979642287268E-6
2.8377615644088867	8.546735856077246E-6
2.84109618620154	9.018497381659595E-6
2.844430807994193	9.412116477061439E-6
2.847765429786846	9.835429316560834E-6
2.851100051579499	1.025694750570753E-5
2.854434673372152	1.0717644789394403E-5
2.8577692951648053	1.1280954191715925E-5
2.8611039169574584	1.1930325028897283E-5
2.8644385387501115	1.2642712210406502E-5
2.8677731605427645	1.3389429098183296E-5
2.8711077823354176	1.4151951680820513E-5
2.8744424041280707	1.4921865308751188E-5
2.877777025920724	1.5698879766789168E-5
2.881111647713377	1.6486776545896177E-5
2.88444626950603	1.7289330676985953E-5
2.887780891298683	1.810894844549624E-5
2.891115513091336	1.894720257680989E-5
2.8944501348839893	1.856096925190643E-5
2.8977847566766424	1.7711688812711588E-5
2.9011193784692955	1.6619442990411526E-5
2.9044540002619486	1.5497611801858443E-5
2.9077886220546016	1.456836349843237E-5
2.9111232438472547	1.3739694468446339E-5
2.914457865639908	1.3230685395165131E-5
2.917792487432561	1.2019603210059859E-5
2.921127109225214	1.1632623614637843E-5
2.924461731017867	1.1199018540235184E-5
2.92779635281052	1.0856866756446078E-5
2.9311309746031733	1.0678932702848857E-5
2.9344655963958264	1.0520520064192417E-5
2.9378002181884795	1.0430410194794073E-5
2.9411348399811326	1.0417779124012205E-5
2.9444694617737857	1.0450283520793648E-5
2.9478040835664387	1.0543874787381717E-5
2.951138705359092	1.0712715202207318E-5
2.954473327151745	1.0960617220863825E-5
2.957807948944398	1.1037422222974185E-5
2.961142570737051	1.1277194944065687E-5
2.964477192529704	1.1541942990036451E-5
2.9678118143223573	1.1782061685350379E-5
2.9711464361150104	1.1752251673444097E-5
2.9744810579076635	1.1619991938573988E-5
2.9778156797003166	1.1434981933519292E-5
2.9811503014929697	1.1330223805724094E-5
2.9844849232856228	1.1318538991568997E-5
2.987819545078276	1.1390723223789183E-5
2.991154166870929	1.1562140922921985E-5
2.994488788663582	1.184722953067426E-5
2.997823410456235	1.2244215081665535E-5
3.001158032248888	1.2738637022777593E-5
3.0044926540415413	1.3046176794316056E-5
3.0078272758341944	1.246243687816852E-5
3.0111618976268475	1.1406970488075237E-5
3.0144965194195006	1.033725723199773E-5
3.0178311412121537	9.258914865557289E-6
3.0211657630048068	8.165550997023048E-6
3.02450038479746	7.143028346165235E-6
3.027835006590113	6.260420164881653E-6
3.031169628382766	5.129871469925581E-6
3.034504250175419	4.0518229959856766E-6
3.0378388719680722	3.360554238008187E-6
3.0411734937607253	2.936304721331958E-6
3.0445081155533784	2.676892759992047E-6
3.0478427373460315	2.527081167933122E-6
3.0511773591386846	2.463944509557229E-6
3.0545119809313377	2.4628524763049722E-6
3.057846602723991	2.4985187308309756E-6
3.061181224516644	2.5507550690847225E-6
3.064515846309297	2.608706257265641E-6
3.06785046810195	2.6714804729948686E-6
3.071185089894603	2.741042876452601E-6
3.0745197116872562	2.8155737220343166E-6
3.0778543334799093	2.8947367614718827E-6
3.0811889552725624	2.978579712555445E-6
3.0845235770652155	3.0685188748945066E-6
3.0878581988578686	3.16629838880836E-6
3.0911928206505217	3.273362714629581E-6
3.094527442443175	3.3907149747864518E-6
3.097862064235828	3.4687621737978327E-6
3.101196686028481	3.5053384226662884E-6
3.104531307821134	3.5855488243927322E-6
3.107865929613787	3.63625031149886E-6
3.1112005514064403	3.643835606923861E-6
3.1145351731990933	3.7197784438069283E-6
3.1178697949917464	3.7962620981387985E-6
3.1212044167843995	4.028681884049085E-6
3.1245390385770526	4.26400861377818E-6
3.1278736603697057	4.4174430097945295E-6
3.131208282162359	4.518035202561161E-6
3.134542903955012	4.6141153811646744E-6
3.137877525747665	4.735693557218796E-6
3.141212147540318	4.798342759934477E-6
3.144546769332971	4.909609786800105E-6
3.1478813911256243	5.070599972643346E-6
3.1512160129182774	5.264555885661089E-6
3.1545506347109304	5.444932684915725E-6
3.1578852565035835	5.6325755092135676E-6
3.1612198782962366	5.83464365514412E-6
3.1645545000888897	6.0331772100873175E-6
3.167889121881543	6.234475687529004E-6
3.171223743674196	6.45540385212348E-6
3.174558365466849	6.703467038154781E-6
3.177892987259502	6.9764740507991355E-6
3.181227609052155	7.270182832138177E-6
3.1845622308448083	7.3953296273218795E-6
3.1878968526374614	7.670636142028161E-6
3.1912314744301145	7.93504533472788E-6
3.1945660962227675	8.220406113014439E-6
3.1979007180154206	8.548339474806257E-6
3.2012353398080737	8.915801322863306E-6
3.204569961600727	9.31089988329891E-6
3.20790458339338	9.744180361618436E-6
3.211239205186033	1.0221790842321413E-5
3.214573826978686	1.0755665301788065E-5
3.217908448771339	1.1347536583169317E-5
3.2212430705639923	1.1986193046621344E-5
3.2245776923566454	1.2659195089042015E-5
3.2279123141492985	1.3360319606441069E-5
3.2312469359419516	1.4089976733849962E-5
3.2345815577346047	1.4825921676566336E-5
3.2379161795272577	1.556155523962073E-5
3.241250801319911	1.6352118775727882E-5
3.244585423112564	1.7201414814321517E-5
3.247920044905217	1.811446244435686E-5
3.25125466669787	1.9088881280647993E-5
3.254589288490523	2.012808027806831E-5
3.2579239102831763	2.0948087772264686E-5
3.2612585320758294	2.1417148015634006E-5
3.2645931538684825	2.2142659413062662E-5
3.2679277756611356	2.310891593923319E-5
3.2712623974537887	2.4143139085401097E-5
3.2745970192464418	2.520273300440457E-5
3.277931641039095	2.6378401499876142E-5
3.281266262831748	2.7764156110823698E-5
3.284600884624401	2.936973168384378E-5
3.287935506417054	3.113538094309253E-5
3.291270128209707	3.299366725444744E-5
3.2946047500023603	3.4907723633741805E-5
3.2979393717950134	3.6878295313366664E-5
3.3012739935876665	3.893316742193327E-5
3.3046086153803196	3.604655598259959E-5
3.3079432371729727	3.125544871706804E-5
3.3112778589656258	3.0400509307223945E-5
3.314612480758279	3.126051894381234E-5
3.317947102550932	3.2647000290527653E-5
3.321281724343585	3.463162260954145E-5
3.324616346136238	3.670686616106311E-5
3.3279509679288912	3.8804137232995614E-5
3.3312855897215443	4.0614578904828874E-5
3.3346202115141974	4.2203793331316976E-5
3.3379548333068505	4.3932153683132666E-5
3.3412894550995036	4.569511098339121E-5
3.3446240768921567	4.7810381204142E-5
3.3479586986848098	5.0231037867279754E-5
3.351293320477463	5.270372454450473E-5
3.354627942270116	4.837830886178482E-5
3.357962564062769	4.082202251867611E-5
3.361297185855422	2.9673626236664584E-5
3.3646318076480752	2.317947190811383E-5
3.3679664294407283	2.092837481270335E-5
3.3713010512333814	2.0247544713824944E-5
3.3746356730260345	2.0178750609712114E-5
3.3779702948186876	2.0571808040819355E-5
3.3813049166113407	2.1806121197032822E-5
3.384639538403994	2.36322530785001E-5
3.387974160196647	2.5656491721400173E-5
3.3913087819893	2.721487103834488E-5
3.394643403781953	2.6851453809053244E-5
3.397978025574606	2.4369682366491792E-5
3.4013126473672592	2.1780889518541685E-5
3.4046472691599123	1.9757558055720538E-5
3.4079818909525654	1.818317216790792E-5
3.4113165127452185	1.682677620977091E-5
3.4146511345378716	1.57679335665561E-5
3.4179857563305247	1.5044913315557638E-5
3.421320378123178	1.4751978125553773E-5
3.424654999915831	1.4811042766957753E-5
3.427989621708484	1.3196117012445798E-5
3.431324243501137	1.2884198013608142E-5
3.43465886529379	1.3039752277667782E-5
3.4379934870864433	1.3563000565333157E-5
3.4413281088790963	1.4035617725529198E-5
3.4446627306717494	1.370935370105961E-5
3.4479973524644025	1.358206629130722E-5
3.4513319742570556	1.2400822186531471E-5
3.4546665960497087	1.1337464976961956E-5
3.458001217842362	1.0646191092838853E-5
3.461335839635015	1.0324771386286249E-5
3.464670461427668	9.706883584782594E-6
3.468005083220321	8.963543393939236E-6
3.471339705012974	8.68173519101556E-6
3.4746743268056273	8.828139545075493E-6
3.4780089485982804	9.056931013640979E-6
3.4813435703909335	9.208032338923386E-6
3.4846781921835865	9.330788410860525E-6
3.4880128139762396	9.518774043985853E-6
3.4913474357688927	9.80530030378763E-6
3.494682057561546	1.019598706335454E-5
3.498016679354199	1.0671557523930095E-5
3.501351301146852	1.121812071466373E-5
3.504685922939505	1.1828625982442239E-5
3.508020544732158	1.2492181758038799E-5
3.5113551665248113	1.3194988050337664E-5
3.5146897883174644	1.2593807226102915E-5
3.5180244101101175	1.1920628983503288E-5
3.5213590319027706	1.0973820404943338E-5
3.5246936536954236	1.0233490066089294E-5
3.5280282754880767	9.44680180507536E-6
3.53136289728073	8.580137809151624E-6
3.534697519073383	7.952791325419076E-6
3.538032140866036	6.229248518067812E-6
3.541366762658689	5.824689538628644E-6
3.544701384451342	6.097872186036655E-6
3.5480360062439953	6.305633447512339E-6
3.5513706280366484	6.4006848107159395E-6
3.5547052498293015	6.4540387834477934E-6
3.5580398716219546	6.401918983979135E-6
3.5613744934146077	6.040228256950001E-6
3.5647091152072607	5.906478968235333E-6
3.568043736999914	5.850156064880313E-6
3.571378358792567	5.8356965950754015E-6
3.57471298058522	5.885024366401287E-6
3.578047602377873	5.966138785566647E-6
3.581382224170526	5.871053244341106E-6
3.5847168459631793	5.771368248714813E-6
3.5880514677558324	5.636632058554736E-6
3.5913860895484855	5.4574730559696715E-6
3.5947207113411386	5.267697449673231E-6
3.5980553331337917	5.059815144946428E-6
3.6013899549264448	4.877679292041891E-6
3.604724576719098	4.713875564669867E-6
3.608059198511751	4.5917304254776725E-6
3.611393820304404	4.50942549442699E-6
3.614728442097057	4.453088299883603E-6
3.61806306388971	4.42682427525899E-6
3.6213976856823633	4.434292941381481E-6
3.6247323074750164	4.4743357275845774E-6
3.6280669292676695	4.5496135632220105E-6
3.6314015510603226	4.659637760293039E-6
3.6347361728529757	4.798196214898772E-6
3.6380707946456288	4.958682289088151E-6
3.641405416438282	5.139798867076492E-6
3.644740038230935	5.345795108468868E-6
3.648074660023588	5.589022811269618E-6
3.651409281816241	5.871558187917175E-6
3.6547439036088942	6.1868787080482625E-6
3.6580785254015473	6.527012687912909E-6
3.6614131471942004	6.886181027439408E-6
3.6647477689868535	7.261599499133403E-6
3.6680823907795066	7.652841950549414E-6
3.6714170125721597	8.061298564621954E-6
3.674751634364813	8.48827559733174E-6
3.678086256157466	8.941910596081904E-6
3.681420877950119	9.428529277527837E-6
3.684755499742772	9.950916383751088E-6
3.688090121535425	1.05101044040688E-5
3.6914247433280782	1.110584216611607E-5
3.6947593651207313	1.1738141352057788E-5
3.6980939869133844	1.2407807613388527E-5
3.7014286087060375	1.3115926433800498E-5
3.7047632304986906	1.3863762206908836E-5
3.7080978522913437	1.4363422307148811E-5
3.711432474083997	1.1246371860068929E-5
3.71476709587665	8.908081974143123E-6
3.718101717669303	6.9906168857436E-6
3.721436339461956	5.862470146340051E-6
3.724770961254609	5.489905868588844E-6
3.7281055830472623	5.213179147235763E-6
3.7314402048399153	5.201703822109643E-6
3.7347748266325684	5.23766818056464E-6
3.7381094484252215	5.171518805680065E-6
3.7414440702178746	5.042953742265761E-6
3.7447786920105277	4.927518750221556E-6
3.748113313803181	4.8431417765758835E-6
3.751447935595834	4.775314671584994E-6
3.754782557388487	4.720491783652941E-6
3.75811717918114	4.692962270227808E-6
3.761451800973793	4.67336682563071E-6
3.7647864227664463	4.67519803557107E-6
3.7681210445590994	4.646509592060525E-6
3.7714556663517524	4.927178137901466E-6
3.7747902881444055	5.318698681422208E-6
3.7781249099370586	5.742439049230082E-6
3.7814595317297117	6.194146311430862E-6
3.784794153522365	6.6949357731961696E-6
3.788128775315018	7.254622879178806E-6
3.791463397107671	7.857092289390187E-6
3.794798018900324	8.481223876180358E-6
3.798132640692977	9.1162220755993E-6
3.8014672624856303	9.763697502880973E-6
3.8048018842782834	1.035250123157827E-5
3.8081365060709365	9.111822468659701E-6
3.8114711278635895	9.554770821781645E-6
3.8148057496562426	1.0457514353956582E-5
3.8181403714488957	8.540942950503897E-6
3.821474993241549	8.966927900033572E-6
3.824809615034202	9.76808010365993E-6
3.828144236826855	1.0513831883746627E-5
3.831478858619508	1.0829686222764287E-5
3.834813480412161	1.146972605720356E-5
3.8381481022048143	1.2170420639635315E-5
3.8414827239974674	1.2894593564130146E-5
3.8448173457901205	1.3611624210297465E-5
3.8481519675827736	1.4305581769108949E-5
3.8514865893754267	1.4980211664429218E-5
3.8548212111680797	1.564826865242166E-5
3.858155832960733	1.6327515478412547E-5
3.861490454753386	1.5884865843605193E-5
3.864825076546039	1.4548393623075883E-5
3.868159698338692	1.3696717579790746E-5
3.871494320131345	1.3081425679805748E-5
3.8748289419239983	1.3230241680177954E-5
3.8781635637166514	1.3690392063269062E-5
3.8814981855093045	1.3955422125833474E-5
3.8848328073019576	1.3824359599934374E-5
3.8881674290946107	1.3667411538645279E-5
3.8915020508872638	1.3847370061132342E-5
3.894836672679917	1.4317943526265571E-5
3.89817129447257	1.4960470731511409E-5
3.901505916265223	1.5712038066762058E-5
3.904840538057876	1.6535940332918776E-5
3.908175159850529	1.7417498366870795E-5
3.9115097816431823	1.8352377766113885E-5
3.9148444034358354	1.9342501922285732E-5
3.9181790252284885	2.039605030234963E-5
3.9215136470211416	2.151951545386527E-5
3.9248482688137947	2.271244030242709E-5
3.9281828906064478	2.3970869190753256E-5
3.931517512399101	2.5083793519775167E-5
3.934852134191754	2.5648947856899102E-5
3.938186755984407	2.630661381401557E-5
3.94152137777706	2.6925289722257616E-5
3.9448559995697132	2.7645606496115168E-5
3.9481906213623663	2.8578210602460455E-5
3.9515252431550194	2.7968248459864774E-5
3.9548598649476725	2.7544804748591173E-5
3.9581944867403256	2.6219949557891095E-5
3.9615291085329787	2.4254503214263175E-5
3.9648637303256318	1.7173807808457458E-5
3.968198352118285	1.1302697569072133E-5
3.971532973910938	8.212366344932431E-6
3.974867595703591	6.623558568126918E-6
3.978202217496244	5.7562960416329706E-6
3.9815368392888972	4.767465876859251E-6
3.9848714610815503	4.446987590573394E-6
3.9882060828742034	4.151924324059525E-6
3.9915407046668565	3.771904445990236E-6
3.9948753264595096	3.293741275102773E-6
3.9982099482521627	2.784975802233465E-6
4.001544570044382	2.318299702721709E-6
4.004879191836099	1.925896523986042E-6
4.008213813627815	1.6068746675022284E-6
4.011548435419532	1.3501863038271562E-6
4.014883057211248	1.146215295866024E-6
4.018217679002965	9.848676187296794E-7
4.021552300794681	8.542726728526383E-7
4.024886922586398	7.44355078160285E-7
4.028221544378114	6.498206218358661E-7
4.031556166169831	5.689627921284416E-7
4.034890787961547	5.005943884449402E-7
4.038225409753264	4.427104667714762E-7
4.0415600315449804	3.932412476396208E-7
4.044894653336697	3.5089420618518014E-7
4.0482292751284135	3.1495200790913695E-7
4.05156389692013	2.8463705590869906E-7
4.0548985187118465	2.589280892364684E-7
4.058233140503563	2.3684879046665622E-7
4.0615677622952795	2.1771795944517431E-7
4.064902384086996	2.0122080065240771E-7
4.0682370058787125	1.8715477878128567E-7
4.071571627670429	1.752011260177469E-7
4.0749062494621455	1.650594097769101E-7
4.078240871253862	1.0963565334282199E-7
4.0815754930455785	9.793455281529339E-8
4.084910114837295	8.950054542514052E-8
4.0882447366290116	8.283118905103738E-8
4.091579358420728	7.740358416790702E-8
4.094913980212445	7.291993821087283E-8
4.098248602004161	6.91925811354456E-8
4.101583223795878	6.606331205690205E-8
4.104917845587594	6.34353561795958E-8
4.108252467379311	6.124074681215375E-8
4.111587089171027	5.941093758533469E-8
4.114921710962744	5.789942571055219E-8
4.11825633275446	5.667773787977297E-8
4.121590954546177	5.572854980189063E-8
4.124925576337893	5.5041556903962086E-8
4.12826019812961	5.460948875016796E-8
4.131594819921326	5.4427170380909336E-8
4.134929441713043	5.449014564166343E-8
4.138264063504759	5.479220347806425E-8
4.141598685296476	5.5323867341468786E-8
4.144933307088192	5.6072972553284144E-8
4.148267928879909	5.70269558052773E-8
4.151602550671625	5.817534464226615E-8
4.154937172463342	5.951107344363018E-8
4.158271794255058	6.103033041280811E-8
4.161606416046775	6.273155553348075E-8
4.164941037838491	6.461435506832028E-8
4.168275659630208	6.667872332467118E-8
4.171610281421924	6.892462937694222E-8
4.174944903213641	7.13519452060374E-8
4.178279525005357	7.396067298665149E-8
4.181614146797074	7.675135439941083E-8
4.18494876858879	7.842390029318602E-8
4.188283390380507	8.041629844417555E-8
4.191618012172223	8.256753953465408E-8
4.19495263396394	8.495672203063288E-8
4.198287255755656	7.277891387643916E-8
4.201621877547373	6.007389767533583E-8
4.204956499339089	5.186703413961592E-8
4.208291121130806	4.628692495850696E-8
4.211625742922522	4.201396452541494E-8
4.214960364714239	3.86276316705268E-8
4.218294986505955	3.5915993225944136E-8
4.221629608297672	3.37996608346332E-8
4.224964230089388	3.229444400528478E-8
4.228298851881105	3.1385272485420236E-8
4.231633473672821	3.0962567701632914E-8
4.234968095464538	3.086279660564905E-8
4.238302717256254	3.093010357613132E-8
4.241637339047971	3.104966349957082E-8
4.244971960839687	3.11555631314162E-8
4.248306582631404	3.122177978387699E-8
4.25164120442312	3.1244988460342186E-8
4.254975826214837	3.123169074224949E-8
4.2583104480065535	3.119341603164755E-8
4.26164506979827	3.114387120489976E-8
4.2649796915899865	3.109446932737537E-8
4.268314313381703	3.105107147106096E-8
4.2716489351734195	3.1014600390235214E-8
4.274983556965136	3.098398857192249E-8
4.2783181787568525	3.095829053758627E-8
4.281652800548569	3.093682859328863E-8
4.2849874223402855	3.0918509804498446E-8
4.288322044132002	3.0901605088294547E-8
4.2916566659237185	3.088409702062192E-8
4.294991287715435	3.086406184186583E-8
4.2983259095071515	3.083984336646692E-8
4.301660531298868	3.0810173338839736E-8
4.304995153090585	3.077435264527913E-8
4.308329774882301	3.073237249336385E-8
4.311664396674018	3.0684837996681756E-8
4.314999018465734	3.063271721211069E-8
4.318333640257451	3.057708115715041E-8
4.321668262049167	3.0518940283625645E-8
4.325002883840884	3.045918150499795E-8
4.3283375056326	3.0398557767592216E-8
4.331672127424317	3.0337702595651066E-8
4.335006749216033	3.027715458118201E-8
4.33834137100775	3.021738176714609E-8
4.341675992799466	3.015878394973168E-8
4.345010614591183	3.010166796818014E-8
4.348345236382899	3.004621040185096E-8
4.351679858174616	2.999243531034854E-8
4.355014479966332	2.994021587055404E-8
4.358349101758049	2.988930225960996E-8
4.361683723549765	2.3537412761896445E-8
4.365018345341482	1.938585386818318E-8
4.368352967133198	1.7029457879798256E-8
4.371687588924915	1.600278389981596E-8
4.375022210716631	1.5510379640212767E-8
4.378356832508348	1.4924192356896386E-8
4.381691454300064	1.399331803248007E-8
4.385026076091781	1.2745421556541363E-8
4.388360697883497	1.1353922716236757E-8
4.391695319675214	1.0008717795249687E-8
4.39502994146693	8.826893420561527E-9
4.398364563258647	7.835997645800801E-9
4.401699185050363	7.012341258875288E-9
4.40503380684208	6.321424052671152E-9
4.408368428633796	5.7335746430767244E-9
4.411703050425513	5.226020598602712E-9
4.415037672217229	4.782280680402953E-9
4.418372294008946	4.390221336575147E-9
4.421706915800662	4.039917043380145E-9
4.425041537592379	3.7228682460640387E-9
4.428376159384095	3.4323942318977645E-9
4.431710781175812	3.164076241080073E-9
4.435045402967528	2.915499464922824E-9
4.438380024759245	2.6853917552636527E-9
4.441714646550961	2.472791487728061E-9
4.445049268342678	2.2766886670345033E-9
4.448383890134394	2.0960459403907644E-9
4.451718511926111	1.9298795078835737E-9
4.455053133717827	1.777243386478195E-9
4.458387755509544	1.6371725228988132E-9
4.46172237730126	1.5086674021574348E-9
4.465056999092977	1.390725916183763E-9
4.468391620884693	1.2823801803100201E-9
4.47172624267641	1.1827195390002055E-9
4.4750608644681265	1.0909096829303735E-9
4.478395486259843	1.0062125287011598E-9
4.4817301080515595	9.279965246821219E-10
4.485064729843276	8.557286088280264E-10
4.4883993516349925	7.889525536309418E-10
4.491733973426709	7.27265275829037E-10
4.4950685952184255	6.702991601451031E-10
4.498403217010142	6.177115660398633E-10
4.5017378388018585	5.691792920932438E-10
4.505072460593575	5.243963256150296E-10
4.5084070823852915	4.830755278886665E-10
4.511741704177008	4.449513749212912E-10
4.5150763259687245	4.0978153994457113E-10
4.518410947760441	3.773459302334064E-10
4.521745569552158	3.4744362723237964E-10
4.525080191343874	3.1988911160811463E-10
4.528414813135591	2.945092982164861E-10
4.531749434927307	2.7114153361246917E-10
4.535084056719024	2.496325216650426E-10
4.53841867851074	2.2983819859553945E-10
4.541753300302457	2.1162375197775268E-10
4.545087922094173	1.948639018008464E-10
4.54842254388589	1.7944276100452022E-10
4.551757165677606	1.652533864977839E-10
4.555091787469323	1.5219708129844647E-10
4.558426409261039	1.4018268773158708E-10
4.561761031052756	1.29125961215147E-10
4.565095652844472	1.189490414938501E-10
4.568430274636189	1.0958013308827154E-10
4.571764896427905	1.0095320402341815E-10
4.575099518219622	9.300776714133278E-11
4.578434140011338	8.568851475932288E-11
4.581768761803055	7.894502238261441E-11
4.585103383594771	7.273132703752418E-11
4.588438005386488	6.70054630861923E-11
4.591772627178204	6.172902102314821E-11
4.595107248969921	5.686675638626153E-11
4.598441870761637	5.2386268406846965E-11
4.601776492553354	4.8257724105392905E-11
4.60511111434507	4.4453635226121405E-11
4.608445736136787	4.0948668754093976E-11
4.611780357928503	3.7719477440305004E-11
4.61511497972022	3.4744527584325106E-11
4.618449601511936	3.200395460696938E-11
4.621784223303653	2.94794287153692E-11
4.625118845095369	2.7154024771481354E-11
4.628453466887086	2.501211767044179E-11
4.631788088678802	2.3039267729499014E-11
4.635122710470519	2.1222142752483186E-11
4.638457332262235	1.954844853466821E-11
4.641791954053952	1.8006852257883682E-11
4.645126575845668	1.65869044092299E-11
4.648461197637385	1.527899657738017E-11
4.651795819429101	1.4074268873223883E-11
4.655130441220818	1.2964569506436085E-11
4.658465063012534	1.1942392618813348E-11
4.661799684804251	1.1000829669089432E-11
4.665134306595967	1.0133516952493324E-11
4.668468928387684	9.334595256367066E-12
4.6718035501794	8.59866455497738E-12
4.675138171971117	7.920758729072832E-12
4.678472793762833	7.296301801311924E-12
4.68180741555455	6.721077177679574E-12
4.685142037346266	6.1912001475515985E-12
4.688476659137983	5.703095400737918E-12
4.6918112809296995	5.253470782404201E-12
4.695145902721416	4.839294204349263E-12
4.6984805245131325	4.4577724785030785E-12
4.701815146304849	4.106330890896833E-12
4.7051497680965655	3.7825989852667685E-12
4.708484389888282	3.4843900824760837E-12
4.7118190116799985	3.209691807257939E-12
4.715153633471715	2.956650293437602E-12
4.7184882552634315	2.7235590431130005E-12
4.721822877055148	2.508844157352004E-12
4.7251574988468645	2.311056794638735E-12
4.728492120638581	2.1288614213897043E-12
4.7318267424302975	1.961030359728409E-12
4.735161364222014	1.8064303484813998E-12
4.738495986013731	1.6640184356181321E-12
4.741830607805447	1.5328336918300108E-12
4.745165229597164	1.4119905840501468E-12
4.74849985138888	1.300674166155547E-12
4.751834473180597	1.1981331855994383E-12
4.755169094972313	1.1036758282906392E-12
4.75850371676403	1.0166653246333395E-12
4.761838338555746	9.365149387340263E-13
4.765172960347463	8.626833064734133E-13
4.768507582139179	7.946727875760004E-13
4.771842203930896	7.320244150018047E-13
4.775176825722612	6.743148423425804E-13
4.778511447514329	6.211550583498029E-13
4.781846069306045	5.721861172357352E-13
4.785180691097762	5.270777332000628E-13
4.788515312889478	4.855256362845875E-13
4.791849934681195	4.4724927375925697E-13
4.795184556472911	4.119904149582611E-13
4.798519178264628	3.7951117459573354E-13
4.801853800056344	3.4959242480806786E-13
4.805188421848061	3.2203272699186465E-13
4.808523043639777	2.966459268775452E-13
4.811857665431494	2.732603759549773E-13
4.81519228722321	2.517182570748807E-13
4.818526909014927	2.31874009616334E-13
4.821861530806643	2.1359410717190766E-13
4.82519615259836	1.9675541526991403E-13
4.828530774390076	1.8124429687309906E-13
4.831865396181793	1.669559444072286E-13
4.835200017973509	1.5379400172700563E-13
4.838534639765226	1.416696820972454E-13
4.841869261556942	1.3050115474039438E-13
4.845203883348659	1.202131000607035E-13
4.848538505140375	1.1073610488274232E-13
4.851873126932092	1.0200617612345983E-13
4.855207748723808	9.39644860464622E-14
4.858542370515525	8.655679377524208E-14
4.861876992307241	7.973309738692775E-14
4.865211614098958	7.344736934808392E-14
4.868546235890674	6.765719067036779E-14
4.871880857682391	6.232346950545494E-14
4.875215479474107	5.741020835085334E-14
4.878550101265824	5.288428767781056E-14
4.88188472305754	4.871517255899157E-14
4.885219344849257	4.487475058612731E-14
4.888553966640973	4.1337092278221406E-14
4.89188858843269	3.807830991753911E-14
4.895223210224406	3.5076429996628105E-14
4.898557832016123	3.231119952985626E-14
4.9018924538078394	2.9763975829086773E-14
4.905227075599556	2.741755691969754E-14
4.9085616973912725	2.525609454544204E-14
4.911896319182989	2.3265041940539147E-14
4.9152309409747055	2.143095249766072E-14
4.918565562766422	1.974146278808998E-14
4.9219001845581385	1.8185169272130972E-14
4.925234806349855	1.6751561862973006E-14
4.9285694281415715	1.5430960424901642E-14
4.931904049933288	1.4214479506880446E-14
4.9352386717250045	1.3093894693223286E-14
4.938573293516721	1.2061651298904244E-14
4.9419079153084375	1.1110769871903477E-14
4.945242537100154	1.023487012410406E-14
4.9485771588918706	9.428013689119838E-15
4.951911780683587	8.68475782524425E-15
4.955246402475304	8.000106397450318E-15
4.95858102426702	7.369418224352652E-15
4.961915646058737	6.788469644442599E-15
4.965250267850453	6.253304001827943E-15
4.96858488964217	5.760329455422966E-15
4.971919511433886	5.3062177179484395E-15
4.975254133225603	4.8879121444345995E-15
4.978588755017319	4.502568255193123E-15
4.981923376809036	4.1476184764012114E-15
4.985257998600752	3.820643327441424E-15
4.988592620392469	3.5194575716979476E-15
4.991927242184185	3.242002483604353E-15
4.995261863975902	2.986424250103027E-15
4.998596485767618	2.7510021380384705E-15
