0.2847583598820807
0.0930421144564586
0.10076597764143269
0.2708475004550412
0.16591680313515988
0.1765641920169645
0.18490469934567244
0.16198451086473398
0.13609810593855265
0.2631426109360282
0.16006026490851832
0.12300785756426391
0.0669375123717253
0.12723740393474614
0.18988212438278573
0.10233446736087881
0.1884227332426156
0.12059345857072135
0.08585741961254412
0.204876063908499
0.10983380883198057
0.10513150195130239
0.18192109037329862
0.1192320980380166
0.15947208126372603
0.1528724077769179
0.18046169918244281
0.19654978677405754
0.1561137423447745
0.1804237518505314
0.13087402320718766
0.2507338333270841
0.2165764911903123
0.12253193474199264
0.20452821330843474
0.09391015964780003
0.13815358637886277
0.1141076270576562
0.15135451446754988
0.1932357197871264
0.17384937659687694
0.1434171975427434
0.16556104685188977
0.07583932396381332
0.2486577980437632
0.2675097163095934
0.17544790795364573
0.21768012609340293
0.14695736738231346
0.1288217050675362
0.21960911558892882
0.09497268499466927
0.10719330701584262
0.17978180958668588
0.10089721219266856
0.27539485580772016
0.18909313615968237
0.16428664904748302
0.1758384493433418
0.1717954773536743
0.14858594046031115
