0.31976951699669304
0.09954375732577558
0.1285054772764757
0.10126719865057021
0.16173310979075017
0.1735284054631978
0.14647195780275224
0.1552314669214332
0.27135188374183894
0.09429753868754753
0.20117461790726576
0.05980341397037359
0.29010735254432873
0.1144475719381739
0.11932380409016163
0.20130743356899305
0.25964513184387616
0.07536814461374819
0.11522232996491644
0.18779502112707114
0.13522373616551464
0.17433794854420226
0.1313926367802143
0.16782365656424458
0.11787073750459776
0.12091126744160885
0.2670907145197381
0.14640080651427922
0.1513513521898906
0.21392966478949038
0.1521545707153491
0.11842097378492156
0.15246289278712943
0.2336622773834316
0.17527398268238503
0.19942904058283695
0.08717134595586273
0.2383139878202405
0.1118687344748821
0.11014529315057153
0.15586076013203165
0.12492894120773101
0.12077528950225958
0.08295286755837594
0.1524138774834105
0.2650447208741804
0.09678783231774979
0.10331951682300389
0.12830625374784788
0.12211451409096696
0.1648700891833359
0.26926636169974216
0.13776146402649658
0.1762416397451272
0.1080265671795324
0.1919233746663327
0.15341473844875253
0.16195605041128047
0.07890673333764475
0.22479208867540912
0.1119556971734017
0.11323641962613173
0.11407758548397418
0.1188573681686691
