0.0033330406538175155	0.0012115320593494142
0.00666766244646512	0.004847277494439569
0.010002284239111522	0.01090723637339294
0.013336906031757297	0.019391408696209908
0.016671527824403072	0.030299794462882283
0.020006149617048847	0.043632393673415454
0.02334077140969462	0.059389206327809085
0.026675393202340397	0.07757023242608818
0.03001001499498617	0.09817547196828492
0.03334463678763654	0.12120492495435985
0.036679258580289635	0.14665859138431342
0.04001388037294273	0.17396858463796647
0.04334850216559582	0.20407700704769427
0.04668312395824891	0.2366096429012977
0.050017745750902	0.27156649219878215
0.053352367543555095	0.3089475549402367
0.056686989336208186	0.34875283112562905
0.06002161112886128	0.38978775705779994
0.06335623292151436	0.43414229300041257
0.06669085471416746	0.48092104238692507
0.07002547650682055	0.5284951328563334
0.07336009829947364	0.5759130259489658
0.07669472009212673	0.6288498144833875
0.08002934188477982	0.6819405815271185
0.08336396367743291	0.7384890454724851
0.086698585470086	0.7981975628543386
0.0900332072627391	0.8579964638487028
0.09336782905539219	0.9223644107077289
0.09670245084804528	0.9891993997370164
0.10003707264069837	1.0539911013860233
0.10337169443335147	1.1259771052173504
0.10670631622600456	1.186082456165125
0.11004093801865765	1.2522833730967355
0.11337555981131074	1.3229749741092347
0.11671018160396383	1.3898682307035535
0.12004480339661693	1.462741259373519
0.12337942518927002	1.537483390792776
0.1267140469819231	1.6206764325923264
0.1300486687745762	1.7026752277087174
0.13338329056722928	1.786486457859341
0.13671791235988237	1.8755379130628138
0.14005253415253546	1.9586943379827977
0.14338715594518855	2.0482880722109242
0.14672177773784165	2.124459426352032
0.15005639953049474	2.2182502047326453
0.15339102132314783	2.306761949846495
0.15672564311580092	2.4038520563926435
0.16006026490845401	2.5031952586597703
0.1633948867011071	2.603035506927302
0.1667295084937602	2.7043674608677284
0.1700641302864133	2.796414122064602
0.17339875207906638	2.8882171907488274
0.17673337387171947	2.990817617226945
0.18006799566437257	3.104243205080023
0.18340261745702566	3.2098798367538066
0.18673723924967875	3.3268356358602262
0.19007186104233184	3.432098552414081
0.19340648283498493	3.5101218875843285
0.19674110462763802	3.5709082935909575
0.20007572642029112	3.6670304613216986
0.2034103482129442	3.754626697222718
0.2067449700055973	3.852499440693737
0.2100795917982504	3.955579161437361
0.21341421359090348	4.0481044522250516
0.21674883538355658	4.157322528315305
0.22008345717620967	4.238855452364853
0.22341807896886276	4.338730144565502
0.22675270076151585	4.447155550655243
0.23008732255416894	4.568758864744522
0.23342194434682204	4.67374086953411
0.23675656613947513	4.755425192194564
0.24009118793212822	4.856036080994784
0.2434258097247813	4.954680937381874
0.2467604315174344	5.0533813533522975
0.25009505331008747	5.080562506900811
0.25342967510274056	5.082868489145274
0.25676429689539365	5.210643537256678
0.26009891868804674	5.33762302090167
0.26343354048069983	5.454733765078195
0.2667681622733529	5.48463399982887
0.270102784066006	5.591806838148319
0.2734374058586591	5.660385356503919
0.2767720276513122	5.773246091903538
0.2801066494439653	5.903280589007561
0.2834412712366184	5.95549869008713
0.2867758930292715	6.020534614971813
0.29011051482192457	6.121943949265429
0.29344513661457766	6.152784912937215
0.29677975840723075	6.264128295195669
0.30011438019988385	6.3771841013307204
0.30344900199253694	6.471513420970864
0.30678362378519003	6.502966034546465
0.3101182455778431	6.547083928929538
0.3134528673704962	6.653299494228638
0.3167874891631493	6.521302524530487
0.3201221109558024	6.492755991244842
0.3234567327484555	6.480457792254936
0.3267913545411086	6.561023390017787
0.3301259763337617	6.631997819445293
0.33346059812641476	6.709013819561478
0.33679521991906786	6.712494167257206
0.34012984171172095	6.749055928272514
0.34346446350437404	6.678744394010226
0.34679908529702713	6.631054080393904
0.3501337070896802	6.5894487121817
0.3534683288823333	6.536248027634262
0.3568029506749864	6.500514209513482
0.3601375724676395	6.609488656144078
0.3634721942602926	6.6023175096706455
0.3668068160529457	6.625942249962153
0.3701414378455988	6.5911745746860815
0.37347605963825187	6.598161674570677
0.37681068143090496	6.695465987850751
0.38014530322355805	6.6166762141628475
0.38347992501621114	6.62205783707809
0.38681454680886423	6.583250642344485
0.3901491686015173	6.565047994765801
0.3934837903941704	6.452700318708925
0.3968184121868235	6.4063845422020265
0.4001530339794766	6.258250287000762
0.4034876557721297	6.1792672781414275
0.4068222775647828	6.097528183472344
0.4101568993574359	5.8680820509620855
0.41349152115008897	5.6084254230658335
0.41682614294274206	5.517492606232178
0.42016076473539515	5.4955501190869676
0.42349538652804825	5.360250688029235
0.42683000832070134	5.227498880173995
0.43016463011335443	4.902544371005472
0.4334992519060075	4.834937226538143
0.4368338736986606	4.817928582593306
0.4401684954913137	4.76541733275523
0.4435031172839668	4.576007060825547
0.4468377390766199	4.356696181294784
0.450172360869273	4.11266384462484
0.4535069826619261	3.9311262745021156
0.45684160445457916	3.637925562309734
0.46017622624723226	3.304448935284313
0.46351084803988535	3.0783383705341385
0.46684546983253844	2.9769379484941405
0.47018009162519153	2.8237125236385867
0.4735147134178446	2.636410757819545
0.4768493352104977	2.356167079831378
0.4801839570031508	1.933248272854226
0.4835185787958039	1.6549823133936217
0.486853200588457	1.2151132861800358
0.4901878223811101	1.0541875633429103
0.4935224441737632	0.868759953682534
0.49685706596641627	0.7256551747876352
0.5001916877590693	0.5351624188705366
0.5035263095517224	0.5157541926012663
0.5068609313443755	0.23879193864039513
0.5101955531370286	0.1472529503277251
0.5135301749296817	0.1278750570790414
0.5168647967223348	0.10517088875201766
0.5201994185149879	0.06666765082451193
0.523534040307641	0.06024880886948426
0.526868662100294	0.058976498498438126
0.5302032838929471	0.06069756235306164
0.5335379056856002	0.06349211912609029
0.5368725274782533	0.06400529275395966
0.5402071492709064	0.06916776064862247
0.5435417710635595	0.06808716530294957
0.5468763928562126	0.0703591519620416
0.5502110146488657	0.06940890259137114
0.5535456364415188	0.06562644793204633
0.5568802582341719	0.06587036596826816
0.560214880026825	0.06596882690373326
0.563549501819478	0.0649361913810542
0.5668841236121311	0.06793828835086228
0.5702187454047842	0.05981844314264005
0.5735533671974373	0.054404779481726624
0.5768879889900904	0.046968263332183964
0.5802226107827435	0.03659289387657007
0.5835572325753966	0.03754268479771541
0.5868918543680497	0.03976836582770954
0.5902264761607028	0.03211839482434698
0.5935610979533559	0.034383835451426176
0.596895719746009	0.037360864943763165
0.6002303415386621	0.0379030520020375
0.6035649633313152	0.03698523093702101
0.6068995851239682	0.03726936665885017
0.6102342069166213	0.03513150402607352
0.6135688287092744	0.03567317817773452
0.6169034505019275	0.03674512930218066
0.6202380722945806	0.03536501369466478
0.6235726940872337	0.037684958798865076
0.6269073158798868	0.03435803537994007
0.6302419376725399	0.034837184502787825
0.633576559465193	0.03646070699844863
0.6369111812578461	0.03794880477217916
0.6402458030504992	0.03597262488215481
0.6435804248431523	0.036756720006643075
0.6469150466358053	0.038031676124802766
0.6502496684284584	0.04006889271588503
0.6535842902211115	0.04195275809855147
0.6569189120137646	0.043615539503693984
0.6602535338064177	0.04548803912847738
0.6635881555990708	0.046771878744729746
0.6669227773917239	0.04841793196909324
0.670257399184377	0.050699134813479235
0.6735920209770301	0.05352369451910651
0.6769266427696832	0.0519066155841992
0.6802612645623363	0.05151567106181992
0.6835958863549894	0.05426911539702039
0.6869305081476424	0.04788561824521705
0.6902651299402955	0.04751542947357511
0.6935997517329486	0.0416410554436169
0.6969343735256017	0.04021870176596359
0.7002689953182548	0.03331334369207249
0.7036036171109079	0.03232966730815535
0.706938238903561	0.03403894548288985
0.7102728606962141	0.026569479419154423
0.7136074824888672	0.024843918142431778
0.7169421042815203	0.023368299174527245
0.7202767260741734	0.021858931487658554
0.7236113478668265	0.02072755694527536
0.7269459696594796	0.0206135093979669
0.7302805914521326	0.01736904908125243
0.7336152132447857	0.010613720826166215
0.7369498350374388	0.011498151529735903
0.7402844568300919	0.012106027673362978
0.743619078622745	0.011948743178434038
0.7469537004153981	0.011900925436630906
0.7502883222080512	0.012328244465777911
0.7536229440007043	0.011842811545055834
0.7569575657933574	0.011549085847862952
0.7602921875860105	0.012073467025721428
0.7636268093786636	0.012768662488031032
0.7669614311713167	0.013787611650846547
0.7702960529639697	0.015404896497658378
0.7736306747566228	0.014450508710339855
0.7769652965492759	0.013557905235605957
0.780299918341929	0.012686911960712782
0.7836345401345821	0.011863820650930711
0.7869691619272352	0.01178372363499715
0.7903037837198883	0.011733083361732722
0.7936384055125414	0.00875696984736092
0.7969730273051945	0.00862221229217384
0.8003076490978476	0.009410569311058187
0.8036422708905007	0.008457949966763864
0.8069768926831538	0.009255033407933303
0.8103115144758068	0.009269748158966352
0.8136461362684599	0.009000791907853757
0.816980758061113	0.008013839351190608
0.8203153798537661	0.005798696575826381
0.8236500016464192	0.004279855958282891
0.8269846234390723	0.003945509392719748
0.8303192452317254	0.004109681852656712
0.8336538670243785	0.00494286325181896
0.8369884888170316	0.0059975142798118644
0.8403231106096847	0.007113063180175402
0.8436577324023378	0.00747560174485256
0.8469923541949909	0.00691142276242729
0.850326975987644	0.0059091084540537665
0.853661597780297	0.005244561693998462
0.8569962195729501	0.005177357161772085
0.8603308413656032	0.005209303982603187
0.8636654631582563	0.005068698552723104
0.8670000849509094	0.005348546634118388
0.8703347067435625	0.005644054375987321
0.8736693285362156	0.005674119765652517
0.8770039503288687	0.005292688212902853
0.8803385721215218	0.00496200630956233
0.8836731939141749	0.004389799215641308
0.887007815706828	0.004399017712243172
0.890342437499481	0.0047323556702081
0.8936770592921341	0.004919616434200441
0.8970116810847872	0.005515079338611313
0.9003463028774403	0.005869703965333502
0.9036809246700934	0.006211991715456219
0.9070155464627465	0.00642329296132932
0.9103501682553996	0.006136404608080919
0.9136847900480527	0.0064480167049355145
0.9170194118407058	0.006975618788924998
0.9203540336333589	0.00764442404912001
0.923688655426012	0.00849600109200381
0.9270232772186651	0.007443782764660029
0.9303578990113182	0.006694425328352025
0.9336925208039712	0.006501104590183488
0.9370271425966243	0.0036218152694119793
0.9403617643892774	0.003390299965234691
0.9436963861819305	0.003084291165544321
0.9470310079745836	0.003208382505516844
0.9503656297672367	0.003270979528708701
0.9537002515598898	0.0035186332106217463
0.9570348733525429	0.002619636558815516
0.960369495145196	0.0027694830267000073
0.9637041169378491	0.0026640279885167184
0.9670387387305022	0.0024259038701154997
0.9703733605231553	0.0024350610416291685
0.9737079823158084	0.002418618825552208
0.9770426041084614	0.0023918367277630842
0.9803772259011145	0.0024093762693783035
0.9837118476937676	0.0025016933424528306
0.9870464694864207	0.002628957079510136
0.9903810912790738	0.0028106796368405954
0.9937157130717269	0.002900036004738237
0.99705033486438	0.002841398711706758
1.000384956657033	0.002671065571884188
1.0037195784496862	0.0024843840451418946
1.0070542002423393	0.0024366037949576
1.0103888220349924	0.0024387784307888893
1.0137234438276455	0.0025150428814716586
1.0170580656202985	0.002433988367310673
1.0203926874129516	0.0023138002834375403
1.0237273092056047	0.0021922578728371662
1.0270619309982578	0.002080860920792327
1.030396552790911	0.0020065394438073133
1.033731174583564	0.0020509972614703885
1.037065796376217	0.0021367860836428243
1.0404004181688702	0.0022319230943871294
1.0437350399615233	0.002329746157557866
1.0470696617541764	0.002197696010747737
1.0504042835468295	0.0019785173931280175
1.0537389053394826	0.0019374881573313654
1.0570735271321356	0.0019198595913470715
1.0604081489247887	0.0020036632368668427
1.0637427707174418	0.002162848718815272
1.067077392510095	0.0023066483614446855
1.070412014302748	0.0024150874579398464
1.073746636095401	0.0024758671912742804
1.0770812578880542	0.0024697443523995872
1.0804158796807073	0.0024358666916910626
1.0837505014733604	0.002323721997707143
1.0870851232660135	0.00236136708584978
1.0904197450586666	0.0023082009895204997
1.0937543668513197	0.0023283139101648526
1.0970889886439728	0.002396437710313489
1.1004236104366258	0.0024915291893158305
1.103758232229279	0.002566310834340135
1.107092854021932	0.002478060699877369
1.1104274758145851	0.0021555139865571627
1.1137620976072382	0.0018935078011464528
1.1170967193998913	0.0018443864888059182
1.1204313411925444	0.0019916344894863234
1.1237659629851975	0.0022572345192410142
1.1271005847778506	0.0025476371322472936
1.1304352065705037	0.002786165360204828
1.1337698283631568	0.0029004491831668778
1.1371044501558099	0.002923607550411393
1.140439071948463	0.002977614277105628
1.143773693741116	0.0031116876452961756
1.1471083155337691	0.0026229530874905625
1.1504429373264222	0.0025019724494132404
1.1537775591190753	0.001954967175502996
1.1571121809117284	0.0016457024633338515
1.1604468027043815	0.0015005081334523416
1.1637814244970346	0.001503652575087093
1.1671160462896877	0.0015759001680848016
1.1704506680823408	0.0016904925035254631
1.1737852898749939	0.0017531790437806632
1.177119911667647	0.0016638513741540058
1.1804545334603	0.001631652948184562
1.1837891552529531	0.0015320039790778042
1.1871237770456062	0.001547851554820622
1.1904583988382593	0.0016149507899612054
1.1937930206309124	0.0017122698521925103
1.1971276424235655	0.0018299899784564066
1.2004622642162186	0.001716741413446763
1.2037968860088717	0.0011976357208815624
1.2071315078015248	8.928682159049157E-4
1.2104661295941779	7.128858723400462E-4
1.213800751386831	6.092244737955705E-4
1.217135373179484	5.952852493663084E-4
1.2204699949721372	6.797583579394073E-4
1.2238046167647902	8.029415852024873E-4
1.2271392385574433	9.087196945757152E-4
1.2304738603500964	9.717979212029393E-4
1.2338084821427495	9.732599738185645E-4
1.2371431039354026	9.495297518920384E-4
1.2404777257280557	9.509457494538231E-4
1.2438123475207088	9.951696228344491E-4
1.2471469693133619	0.0010910052110229022
1.250481591106015	0.0011682500694678776
1.253816212898668	0.0013514479425477488
1.2571508346913212	0.0014537217907944586
1.2604854564839743	0.0016301162079024143
1.2638200782766273	0.0018322508718091697
1.2671547000692804	0.002074779457542251
1.2704893218619335	0.0023449704460401085
1.2738239436545866	0.0026483156102304383
1.2771585654472397	0.0029758477800719673
1.2804931872398928	0.0033173893453884167
1.283827809032546	0.0036698490700761916
1.287162430825199	0.004030710329831792
1.290497052617852	0.004384757810403694
1.2938316744105052	0.004788732636086835
1.2971662962031583	0.00521856742183294
1.3005009179958114	0.005683702582127436
1.3038355397884644	0.006179856651470477
1.3071701615811175	0.006698526116799492
1.3105047833737706	0.006896610351105955
1.3138394051664237	0.005675154698784334
1.3171740269590768	0.005987119596114992
1.32050864875173	0.00634099977022242
1.323843270544383	0.006781982210465667
1.327177892337036	0.007266865198451017
1.3305125141296892	0.0078073406302491336
1.3338471359223423	0.00717438912605817
1.3371817577149954	0.0074097531579319816
1.3405163795076485	0.00759894812890229
1.3438510013003016	0.007873918741489351
1.3471856230929546	0.0012304642749422705
1.3505202448856077	8.360260482542237E-4
1.3538548666782608	6.746134680330154E-4
1.357189488470914	6.800624144156116E-4
1.360524110263567	7.002528838724115E-4
1.36385873205622	7.72193683982316E-4
1.3671933538488732	8.06361856799586E-4
1.3705279756415263	7.757802920903905E-4
1.3738625974341794	7.849480661284771E-4
1.3771972192268325	7.955881141121295E-4
1.3805318410194856	8.347551925698627E-4
1.3838664628121387	9.031512024727976E-4
1.3872010846047917	9.900767923085806E-4
1.3905357063974448	0.0010955704735041414
1.393870328190098	9.092606348087504E-4
1.397204949982751	8.196015028131652E-4
1.4005395717754041	7.404463413824696E-4
1.4038741935680572	6.893330486587155E-4
1.4072088153607103	6.842328744563591E-4
1.4105434371533634	6.999346413468997E-4
1.4138780589460165	7.236231807654887E-4
1.4172126807386696	7.471153895418062E-4
1.4205473025313227	7.618287705730618E-4
1.4238819243239758	7.709340293576974E-4
1.4272165461166288	7.766095389164631E-4
1.430551167909282	7.845245062618305E-4
1.433885789701935	7.848436711534271E-4
1.4372204114945881	7.838144349639742E-4
1.4405550332872412	7.948906062057385E-4
1.4438896550798943	7.91879842651969E-4
1.4472242768725474	7.632071056098086E-4
1.4505588986652005	7.183232573391517E-4
1.4538935204578536	7.242033667329871E-4
1.4572281422505067	7.330343442527583E-4
1.4605627640431598	7.373255283072593E-4
1.4638973858358129	7.73382769548828E-4
1.467232007628466	7.939182161523546E-4
1.470566629421119	8.125244879590946E-4
1.4739012512137721	8.429888962152058E-4
1.4772358730064252	8.789695383628306E-4
1.4805704947990783	8.74123046433929E-4
1.4839051165917314	7.602635359294369E-4
1.4872397383843845	6.952204881638518E-4
1.4905743601770376	6.804883910085562E-4
1.4939089819696907	7.432545952247947E-4
1.4972436037623438	8.433973125427065E-4
1.5005782255549969	8.361768433618279E-4
1.50391284734765	9.402036456495825E-4
1.507247469140303	8.376080249190521E-4
1.5105820909329561	8.442045582950404E-4
1.5139167127256092	8.283934120929677E-4
1.5172513345182623	8.560640502683584E-4
1.5205859563109154	9.221198101055239E-4
1.5239205781035685	0.0010276348282898572
1.5272551998962216	0.0011600843574310583
1.5305898216888747	0.0012912516883851644
1.5339244434815278	0.0014135297511878087
1.5372590652741809	0.0015284524120590926
1.540593687066834	8.943124670873599E-4
1.543928308859487	7.466647656055552E-4
1.5472629306521402	6.797181761138922E-4
1.5505975524447932	6.841597067357607E-4
1.5539321742374463	7.537985061430413E-4
1.5572667960300994	8.56701682839197E-4
1.5606014178227525	9.583197603661114E-4
1.5639360396154056	0.0010862427882944196
1.5672706614080587	0.0011935943283994674
1.5706052832007118	0.0012933722639172363
1.573939904993365	0.001369219446011687
1.577274526786018	0.0014178308824761906
1.580609148578671	7.166366168435022E-4
1.5839437703713242	5.067284972959414E-4
1.5872783921639773	4.4420585075558787E-4
1.5906130139566304	3.977341761353601E-4
1.5939476357492834	3.781939249685165E-4
1.5972822575419365	3.9359260486158905E-4
1.6006168793345896	4.187504723043114E-4
1.6039515011272427	4.4369019687600275E-4
1.6072861229198958	4.620741320988419E-4
1.610620744712549	4.661602927143399E-4
1.613955366505202	4.678740237084556E-4
1.617289988297855	4.6745988255158594E-4
1.6206246100905082	4.761615314733762E-4
1.6239592318831613	4.82734960991376E-4
1.6272938536758144	4.911888821749128E-4
1.6306284754684675	5.058874477478002E-4
1.6339630972611205	5.158689262457129E-4
1.6372977190537736	5.181453223754235E-4
1.6406323408464267	5.190894808776269E-4
1.6439669626390798	5.259286981371216E-4
1.647301584431733	5.361435245393538E-4
1.650636206224386	5.250111555423725E-4
1.653970828017039	5.049947435440045E-4
1.6573054498096922	4.970561348187138E-4
1.6606400716023453	4.716654264227912E-4
1.6639746933949984	4.741330279653169E-4
1.6673093151876515	4.875736872003181E-4
1.6706439369803046	5.145232034503606E-4
1.6739785587729576	5.43092972281976E-4
1.6773131805656107	5.638223257986721E-4
1.6806478023582638	5.761807437162282E-4
1.683982424150917	5.817149372460756E-4
1.68731704594357	5.799472773396038E-4
1.690651667736223	5.075987173818448E-4
1.6939862895288762	5.111925373548912E-4
1.6973209113215293	4.956609385583601E-4
1.7006555331141824	4.631305193503773E-4
1.7039901549068355	4.5874929925259254E-4
1.7073247766994886	4.59901060707247E-4
1.7106593984921417	4.7732846454003747E-4
1.7139940202847948	4.965768887235501E-4
1.7173286420774478	5.182682141511052E-4
1.720663263870101	5.375468455075623E-4
1.723997885662754	5.477598773783817E-4
1.7273325074554071	5.468571481436801E-4
1.7306671292480602	5.409611516071533E-4
1.7340017510407133	5.428843374380586E-4
1.7373363728333664	5.492945995403514E-4
1.7406709946260195	5.633069476592531E-4
1.7440056164186726	5.82119057382881E-4
1.7473402382113257	6.008303547322802E-4
1.7506748600039788	6.177506943292383E-4
1.7540094817966319	6.309722381775594E-4
1.757344103589285	6.397322283921699E-4
1.760678725381938	6.487215005794363E-4
1.7640133471745911	6.61487958451038E-4
1.7673479689672442	6.779306326029716E-4
1.7706825907598973	6.967087158045889E-4
1.7740172125525504	7.152573170987049E-4
1.7773518343452035	7.328148190923596E-4
1.7806864561378566	7.325135879379278E-4
1.7840210779305097	7.390288890415338E-4
1.7873556997231628	7.440807783547404E-4
1.7906903215158159	7.428274016784183E-4
1.794024943308469	7.32320866115945E-4
1.797359565101122	7.329282570980567E-4
1.8006941868937751	7.444642687825173E-4
1.8040288086864282	7.631243751649285E-4
1.8073634304790813	7.859914204684133E-4
1.8106980522717344	8.110764157585428E-4
1.8140326740643875	8.315244430256112E-4
1.8173672958570406	8.474447943791586E-4
1.8207019176496937	8.615168037796976E-4
1.8240365394423468	8.723416634797765E-4
1.8273711612349999	8.935575285884994E-4
1.830705783027653	8.674077350643982E-4
1.834040404820306	8.766899716504257E-4
1.8373750266129592	8.542104397633165E-4
1.8407096484056122	8.304282046006094E-4
1.8440442701982653	8.271757578313167E-4
1.8473788919909184	8.466096982046435E-4
1.8507135137835715	8.843327936014651E-4
1.8540481355762246	9.296011752772937E-4
1.8573827573688777	9.552237711368773E-4
1.8607173791615308	8.977944782828743E-4
1.8640520009541839	8.006471068693642E-4
1.867386622746837	7.541105665758866E-4
1.87072124453949	7.351781907797817E-4
1.8740558663321432	7.473384801855555E-4
1.8773904881247963	7.985834252549082E-4
1.8807251099174493	8.700189090282335E-4
1.8840597317101024	9.257197135163516E-4
1.8873943535027555	9.492888925886168E-4
1.8907289752954086	9.468166026024453E-4
1.8940635970880617	9.260356494668274E-4
1.8973982188807148	8.146056359028129E-4
1.900732840673368	7.737725770346308E-4
1.904067462466021	7.684723145607009E-4
1.907402084258674	7.938522445945022E-4
1.9107367060513272	8.60826622696915E-4
1.9140713278439803	9.447438667200876E-4
1.9174059496366334	8.598825928529185E-4
1.9207405714292864	8.086999249113528E-4
1.9240751932219395	8.047432696723308E-4
1.9274098150145926	7.365531435833975E-4
1.9307444368072457	7.546510334140824E-4
1.9340790585998988	6.930046457260047E-4
1.937413680392552	6.100542690273021E-4
1.940748302185205	6.036379980235914E-4
1.944082923977858	6.013343275277604E-4
1.9474175457705112	6.152952510998769E-4
1.9507521675631643	6.520083544666648E-4
1.9540867893558174	6.776550623715213E-4
1.9574214111484705	7.015615332478404E-4
1.9607560329411236	7.21376999337028E-4
1.9640906547337766	6.599845225412952E-4
1.9674252765264297	6.571233299895138E-4
1.9707598983190828	6.62798379735795E-4
1.974094520111736	6.338477377335695E-4
1.977429141904389	6.369763453744916E-4
1.980763763697042	6.52778407124423E-4
1.9840983854896952	6.78137728564777E-4
1.9874330072823483	7.036336572131305E-4
1.9907676290750014	7.334095303028074E-4
1.9941022508676545	7.496295325796759E-4
1.9974368726603076	7.633338752344915E-4
2.0007714944529607	7.787019944653306E-4
2.0041061162456137	7.968077833872645E-4
2.007440738038267	7.995674600350416E-4
2.01077535983092	8.139198861267762E-4
2.014109981623573	8.30110864768908E-4
2.017444603416226	6.558159617255436E-4
2.020779225208879	5.672819984420427E-4
2.0241138470015323	5.858394903114759E-4
2.0274484687941854	5.654595639581387E-4
2.0307830905868385	5.682706575146484E-4
2.0341177123794916	5.844389575951097E-4
2.0374523341721447	5.871194557864336E-4
2.0407869559647978	5.901411205495215E-4
2.044121577757451	5.929343701996698E-4
2.047456199550104	5.95821531472161E-4
2.050790821342757	5.869524412866235E-4
2.05412544313541	5.879539398003333E-4
2.057460064928063	5.836949927730003E-4
2.0607946867207163	5.773402092722585E-4
2.0641293085133694	5.805541856482902E-4
2.0674639303060225	5.999419875901979E-4
2.0707985520986756	5.85852865053348E-4
2.0741331738913287	5.631039670706153E-4
2.0774677956839818	5.735827047904315E-4
2.080802417476635	5.715462183899338E-4
2.084137039269288	5.728828065080451E-4
2.087471661061941	5.890973506269534E-4
2.090806282854594	6.457816402695482E-4
2.0941409046472472	6.918209716356179E-4
2.0974755264399003	7.254957809236846E-4
2.1008101482325534	7.766068345773855E-4
2.1041447700252065	8.088925638181152E-4
2.1074793918178596	8.475097457215375E-4
2.1108140136105127	8.858197632332237E-4
2.1141486354031658	9.216348086710012E-4
2.117483257195819	9.631402168133719E-4
2.120817878988472	9.895633371952127E-4
2.124152500781125	8.447313948303969E-4
2.127487122573778	7.31253829870622E-4
2.1308217443664312	6.3370523405004E-4
2.1341563661590843	6.181089509491754E-4
2.1374909879517374	5.542016014179699E-4
2.1408256097443905	5.80093117143842E-4
2.1441602315370436	6.245489509209842E-4
2.1474948533296967	6.653388507506825E-4
2.15082947512235	4.7193337800716724E-4
2.154164096915003	4.0005542934534326E-4
2.157498718707656	3.640118843442822E-4
2.160833340500309	3.3833535932268813E-4
2.164167962292962	3.4923482516364376E-4
2.1675025840856152	3.706304177906194E-4
2.1708372058782683	3.955148813467082E-4
2.1741718276709214	4.1519963820989833E-4
2.1775064494635745	4.260683990128624E-4
2.1808410712562276	4.299455468804853E-4
2.1841756930488807	4.3137697360072323E-4
2.187510314841534	4.3410795547388223E-4
2.190844936634187	4.389803974292635E-4
2.19417955842684	4.4281877614621873E-4
2.197514180219493	4.3874315822303234E-4
2.200848802012146	4.368732219958252E-4
2.2041834238047993	4.4488347614044703E-4
2.2075180455974523	4.4522508575409517E-4
2.2108526673901054	4.621765752579636E-4
2.2141872891827585	4.6439870159490157E-4
2.2175219109754116	4.8654079695261755E-4
2.2208565327680647	4.5342297225823E-4
2.224191154560718	4.5301208499999216E-4
2.227525776353371	4.413119540057081E-4
2.230860398146024	4.5682561538187746E-4
2.234195019938677	5.024138382407352E-4
2.23752964173133	5.419276652561403E-4
2.2408642635239833	5.645204567861383E-4
2.2441988853166364	5.781779159491104E-4
2.2475335071092895	5.995007419739596E-4
2.2508681289019425	4.326723109671841E-4
2.2542027506945956	4.0697682240561586E-4
2.2575373724872487	3.6115463627370227E-4
2.260871994279902	3.6014091540313134E-4
2.264206616072555	3.6430788122728767E-4
2.267541237865208	3.659636678401579E-4
2.270875859657861	3.7710559146676676E-4
2.274210481450514	3.856644920523183E-4
2.2775451032431673	3.858431542028225E-4
2.2808797250358204	3.9229734588549207E-4
2.2842143468284735	3.974890906630007E-4
2.2875489686211266	4.045264730720993E-4
2.2908835904137796	4.1624514341104875E-4
2.2942182122064327	4.2926025680594326E-4
2.297552833999086	4.416474537505148E-4
2.300887455791739	4.534583493876499E-4
2.304222077584392	4.645244803414694E-4
2.307556699377045	4.7480869349401987E-4
2.310891321169698	4.796093897069141E-4
2.3142259429623513	4.902349006441561E-4
2.3175605647550044	5.005294046628627E-4
2.3208951865476575	5.122417798604046E-4
2.3242298083403106	5.040084701142032E-4
2.3275644301329637	5.009083263027865E-4
2.3308990519256167	4.7191497210514647E-4
2.33423367371827	4.6462267394182806E-4
2.337568295510923	4.550557407588671E-4
2.340902917303576	4.582032445332206E-4
2.344237539096229	4.6740379444923754E-4
2.347572160888882	4.8638807023846666E-4
2.3509067826815353	5.012485051666602E-4
2.3542414044741884	5.043457314217024E-4
2.3575760262668415	4.929533284850273E-4
2.3609106480594946	4.792825851635457E-4
2.3642452698521477	4.7157865209823045E-4
2.3675798916448008	4.812431349346935E-4
2.370914513437454	5.013546921368945E-4
2.374249135230107	5.275097389544706E-4
2.37758375702276	5.531118481139065E-4
2.380918378815413	5.589265660287443E-4
2.384253000608066	5.466021048328169E-4
2.3875876224007193	5.398430199836429E-4
2.3909222441933724	5.308900516383085E-4
2.3942568659860255	5.407008781006924E-4
2.3975914877786786	5.607704645054729E-4
2.4009261095713317	5.479180883423901E-4
2.4042607313639848	5.052317609771882E-4
2.407595353156638	4.7209878928097175E-4
2.410929974949291	4.457150791767568E-4
2.414264596741944	4.445138678607909E-4
2.417599218534597	4.5831942207197346E-4
2.4209338403272502	4.894789667660859E-4
2.4242684621199033	5.223935271623584E-4
2.4276030839125564	5.331480058651622E-4
2.4309377057052095	5.251378605674247E-4
2.4342723274978626	5.182432563201022E-4
2.4376069492905157	5.246708945291582E-4
2.440941571083169	5.487358701478704E-4
2.444276192875822	5.859436677183089E-4
2.447610814668475	5.173767814359707E-4
2.450945436461128	5.168242378967908E-4
2.454280058253781	5.196714069635904E-4
2.4576146800464342	5.144716160413441E-4
2.4609493018390873	5.221158470597407E-4
2.4642839236317404	5.433901153039538E-4
2.4676185454243935	5.69686714393672E-4
2.4709531672170466	5.973086722478083E-4
2.4742877890096997	5.925632061374279E-4
2.477622410802353	6.010873089678754E-4
2.480957032595006	5.919114912814367E-4
2.484291654387659	5.994956411914922E-4
2.487626276180312	6.256006678956862E-4
2.490960897972965	6.548417037038158E-4
2.4942955197656183	6.85307378121244E-4
2.4976301415582713	6.1152013089353E-4
2.5009647633509244	5.789434450705097E-4
2.5042993851435775	5.432718778117827E-4
2.5076340069362306	5.31792463373113E-4
2.5109686287288837	4.965350527443916E-4
2.514303250521537	5.366116365832918E-4
2.51763787231419	5.671907633319624E-4
2.520972494106843	5.990645618540227E-4
2.524307115899496	6.144294283352941E-4
2.527641737692149	6.106316699826181E-4
2.5309763594848023	6.009709569000504E-4
2.5343109812774554	6.071722586349393E-4
2.5376456030701084	5.512364509113938E-4
2.5409802248627615	5.228894301221764E-4
2.5443148466554146	5.007060997977433E-4
2.5476494684480677	4.77131106911152E-4
2.550984090240721	4.7271605715204246E-4
2.554318712033374	4.934602119610813E-4
2.557653333826027	5.224442108128537E-4
2.56098795561868	5.514943407181945E-4
2.564322577411333	5.663331627355671E-4
2.5676571992039863	5.698527740672757E-4
2.5709918209966394	5.22375143898802E-4
2.5743264427892925	4.823302091611666E-4
2.5776610645819455	4.519855594370079E-4
2.5809956863745986	4.604085320403585E-4
2.5843303081672517	4.926789897577696E-4
2.587664929959905	5.335302659069648E-4
2.590999551752558	5.751745651661165E-4
2.594334173545211	4.548705883144187E-4
2.597668795337864	4.1463726975600267E-4
2.601003417130517	3.939391209472716E-4
2.6043380389231703	3.967563834689687E-4
2.6076726607158234	4.16136497474457E-4
2.6110072825084765	4.4737726956704745E-4
2.6143419043011296	4.7990841468483413E-4
2.6176765260937827	5.014729489543687E-4
2.6210111478864357	5.081103831491941E-4
2.624345769679089	5.070975820115925E-4
2.627680391471742	4.976539134879347E-4
2.631015013264395	5.074156765173234E-4
2.634349635057048	5.258118874002043E-4
2.637684256849701	5.551022017129436E-4
2.6410188786423543	5.813707581239267E-4
2.6443535004350074	5.751769963460674E-4
2.6476881222276605	5.915615128093734E-4
2.6510227440203136	5.056681632195052E-4
2.6543573658129667	4.7031138643701455E-4
2.6576919876056198	4.6293671050323714E-4
2.661026609398273	4.653156639261987E-4
2.664361231190926	4.6660953353687683E-4
2.667695852983579	3.832647772439727E-4
2.671030474776232	3.5508434378838695E-4
2.674365096568885	3.522062842400851E-4
2.6776997183615383	3.4885749929160757E-4
2.6810343401541914	3.584751903075108E-4
2.6843689619468445	3.7804134530569156E-4
2.6877035837394976	3.994607500801801E-4
2.6910382055321507	4.1447220809508347E-4
2.6943728273248038	4.206676208213035E-4
2.697707449117457	4.208075057419388E-4
2.70104207091011	4.1424856542599865E-4
2.704376692702763	4.10043998495128E-4
2.707711314495416	4.2592956779207857E-4
2.7110459362880692	4.048476183684811E-4
2.7143805580807223	4.0920659600205496E-4
2.7177151798733754	4.204011672675E-4
2.7210498016660285	4.3153077248624675E-4
2.7243844234586816	4.4159126926126803E-4
2.7277190452513347	4.559435199851574E-4
2.7310536670439878	4.0218025991293793E-4
2.734388288836641	3.867096857217286E-4
2.737722910629294	3.7058792143379983E-4
2.741057532421947	3.6594641514369207E-4
2.7443921542146	3.7287348008577633E-4
2.7477267760072532	3.9069525996836697E-4
2.7510613977999063	4.1148232521926814E-4
2.7543960195925594	4.3299649903396985E-4
2.7577306413852125	4.464524258301191E-4
2.7610652631778656	3.584625876341655E-4
2.7643998849705187	3.233550200758684E-4
2.767734506763172	2.9489350624973144E-4
2.771069128555825	2.92512141282575E-4
2.774403750348478	3.0257882902922744E-4
2.777738372141131	3.24342715554834E-4
2.781072993933784	3.433816176499891E-4
2.7844076157264372	3.5480486517897194E-4
2.7877422375190903	3.584576009653413E-4
2.7910768593117434	3.5553096756791333E-4
2.7944114811043965	2.925343833963798E-4
2.7977461028970496	2.9349074004744686E-4
2.8010807246897027	3.0592458525253514E-4
2.804415346482356	3.513993261069959E-4
2.807749968275009	3.637815475498196E-4
2.811084590067662	3.806439171558994E-4
2.814419211860315	3.889941203850613E-4
2.817753833652968	3.988883400846584E-4
2.8210884554456213	4.0884011991517636E-4
2.8244230772382743	4.256800262382163E-4
2.8277576990309274	4.5002123520597687E-4
2.8310923208235805	4.773236232557831E-4
2.8344269426162336	4.99141930496744E-4
2.8377615644088867	5.235403444059005E-4
2.84109618620154	5.487365257560781E-4
2.844430807994193	5.75425107107825E-4
2.847765429786846	6.075674059976558E-4
2.851100051579499	6.470390006628711E-4
2.854434673372152	6.945013161243591E-4
2.8577692951648053	7.525692809127009E-4
2.8611039169574584	8.183997190622589E-4
2.8644385387501115	8.995797819965318E-4
2.8677731605427645	0.0010063621747330553
2.8711077823354176	0.0011266063845916815
2.8744424041280707	0.001253052105529618
2.877777025920724	0.0013941245595100364
2.881111647713377	0.0015536865694183268
2.88444626950603	0.001724438429126788
2.887780891298683	0.0019052648768869117
2.891115513091336	0.0020775359900392755
2.8944501348839893	0.0022611589856090554
2.8977847566766424	0.0024650504024926077
2.9011193784692955	0.002682281397827583
2.9044540002619486	0.0029124044299613993
2.9077886220546016	5.097684021448601E-4
2.9111232438472547	4.067911420372353E-4
2.914457865639908	3.6671843627495863E-4
2.917792487432561	3.538311483192536E-4
2.921127109225214	3.458458526611484E-4
2.924461731017867	3.4238611271207044E-4
2.92779635281052	3.4640511309219884E-4
2.9311309746031733	3.609356986096602E-4
2.9344655963958264	3.8923137905694986E-4
2.9378002181884795	4.314422686545828E-4
2.9411348399811326	4.849086989010966E-4
2.9444694617737857	5.497545177673754E-4
2.9478040835664387	4.0911630164110636E-4
2.951138705359092	3.987368104934693E-4
2.954473327151745	4.006254977181481E-4
2.957807948944398	4.1121118750503237E-4
2.961142570737051	4.278058296382838E-4
2.964477192529704	4.489792634533382E-4
2.9678118143223573	4.7469567652865186E-4
2.9711464361150104	4.746199565293107E-4
2.9744810579076635	4.883673102528164E-4
2.9778156797003166	3.911045784319619E-4
2.9811503014929697	3.759630728085809E-4
2.9844849232856228	3.6004668240870527E-4
2.987819545078276	3.5488780275383234E-4
2.991154166870929	3.584057846525508E-4
2.994488788663582	3.518585728477173E-4
2.997823410456235	3.49183141350438E-4
3.001158032248888	3.429386781196094E-4
3.0044926540415413	3.4203293353626634E-4
3.0078272758341944	3.4703025792625735E-4
3.0111618976268475	3.524275686469222E-4
3.0144965194195006	3.510624037008575E-4
3.0178311412121537	3.393313728985094E-4
3.0211657630048068	3.152609145210973E-4
3.02450038479746	2.9336972448009807E-4
3.027835006590113	2.9259951841082533E-4
3.031169628382766	3.073520479355334E-4
3.034504250175419	3.2459637572482974E-4
3.0378388719680722	3.078795235720953E-4
3.0411734937607253	2.4916665231854504E-4
3.0445081155533784	2.1613688085148845E-4
3.0478427373460315	2.051954818310681E-4
3.0511773591386846	2.1990168597811927E-4
3.0545119809313377	2.3946873545740912E-4
3.057846602723991	2.562703520012017E-4
3.061181224516644	2.6453137854919663E-4
3.064515846309297	2.616400177974412E-4
3.06785046810195	2.5548074577286446E-4
3.071185089894603	2.1704334271563236E-4
3.0745197116872562	1.7682508647402673E-4
3.0778543334799093	1.6327847166066456E-4
3.0811889552725624	1.679484483910893E-4
3.0845235770652155	1.881273490210678E-4
3.0878581988578686	2.1009059406246636E-4
3.0911928206505217	2.2254651355743584E-4
3.094527442443175	2.266101366447653E-4
3.097862064235828	2.2256515110317675E-4
3.101196686028481	2.1670667573730384E-4
3.104531307821134	2.1404360971839673E-4
3.107865929613787	2.1618703620207151E-4
3.1112005514064403	2.2278124011149925E-4
3.1145351731990933	2.3113776908634194E-4
3.1178697949917464	2.3789156148205863E-4
3.1212044167843995	2.4145741838780348E-4
3.1245390385770526	2.422527540912111E-4
3.1278736603697057	2.4270227461435274E-4
3.131208282162359	2.447283325965631E-4
3.134542903955012	2.4869550779494385E-4
3.137877525747665	2.3124265739124847E-4
3.141212147540318	2.1049282694983297E-4
3.144546769332971	1.8967433574466284E-4
3.1478813911256243	1.8637917051629057E-4
3.1512160129182774	1.849817005274036E-4
3.1545506347109304	1.9296808670133758E-4
3.1578852565035835	1.996313134286827E-4
3.1612198782962366	2.0603443605370547E-4
3.1645545000888897	2.0879657406869815E-4
3.167889121881543	2.073901716800256E-4
3.171223743674196	2.0458991706465493E-4
3.174558365466849	2.0429225660294916E-4
3.177892987259502	2.0764452918186924E-4
3.181227609052155	2.1360301747520364E-4
3.1845622308448083	2.203680912264429E-4
3.1878968526374614	2.2480097359424279E-4
3.1912314744301145	2.2704755543431174E-4
3.1945660962227675	2.257947816579643E-4
3.1979007180154206	2.273563149787774E-4
3.2012353398080737	2.2498258923789945E-4
3.204569961600727	2.2795476629239138E-4
3.20790458339338	2.3307316765860817E-4
3.211239205186033	2.38614320165183E-4
3.214573826978686	2.432636438019379E-4
3.217908448771339	2.456667957268737E-4
3.2212430705639923	2.449306371139322E-4
3.2245776923566454	2.451677238765278E-4
3.2279123141492985	2.4548862300797033E-4
3.2312469359419516	2.4874885091256076E-4
3.2345815577346047	2.5368426171912256E-4
3.2379161795272577	2.5889191424942115E-4
3.241250801319911	2.3803354283994266E-4
3.244585423112564	2.3198060120899094E-4
3.247920044905217	2.2853436904992283E-4
3.25125466669787	2.2739173530508762E-4
3.254589288490523	2.395788465649716E-4
3.2579239102831763	2.8524434373557585E-4
3.2612585320758294	3.1286796427326913E-4
3.2645931538684825	3.361784917411544E-4
3.2679277756611356	3.455094116010264E-4
3.2712623974537887	3.503020533787572E-4
3.2745970192464418	3.5247394110319376E-4
3.277931641039095	3.5734590315008024E-4
3.281266262831748	3.6365568963971334E-4
3.284600884624401	3.7486333293180617E-4
3.287935506417054	3.851339887138019E-4
3.291270128209707	3.9534924835013036E-4
3.2946047500023603	4.0398859395994875E-4
3.2979393717950134	4.1135235177434216E-4
3.3012739935876665	4.1970596902252827E-4
3.3046086153803196	4.311838285440727E-4
3.3079432371729727	4.4626168767678286E-4
3.3112778589656258	4.0772838462875766E-4
3.314612480758279	4.938995559401148E-4
3.317947102550932	4.711591879574474E-4
3.321281724343585	2.4288609058116943E-4
3.324616346136238	1.8426698730774892E-4
3.3279509679288912	1.5657606962809088E-4
3.3312855897215443	1.4727288316307018E-4
3.3346202115141974	1.3208760922326024E-4
3.3379548333068505	8.356746458124325E-5
3.3412894550995036	7.402218510440846E-5
3.3446240768921567	6.93846325869893E-5
3.3479586986848098	6.579230090057197E-5
3.351293320477463	6.421476692204177E-5
3.354627942270116	6.661775348417278E-5
3.357962564062769	7.064782270321182E-5
3.361297185855422	7.177267338372098E-5
3.3646318076480752	6.952490865686768E-5
3.3679664294407283	5.922229846771951E-5
3.3713010512333814	5.044155172319191E-5
3.3746356730260345	4.867990554923508E-5
3.3779702948186876	4.893025027807609E-5
3.3813049166113407	5.011597427979831E-5
3.384639538403994	5.177410229728698E-5
3.387974160196647	5.318631883555073E-5
3.3913087819893	5.40095886965517E-5
3.394643403781953	5.44547171582606E-5
3.397978025574606	5.4902687303838345E-5
3.4013126473672592	5.569032410690274E-5
3.4046472691599123	5.685252010910785E-5
3.4079818909525654	5.695010718838117E-5
3.4113165127452185	5.735945872106196E-5
3.4146511345378716	5.782557232200898E-5
3.4179857563305247	5.533695516017606E-5
3.421320378123178	5.2158915836578095E-5
3.424654999915831	5.015346377101673E-5
3.427989621708484	5.001506470657602E-5
3.431324243501137	5.228066702650403E-5
3.43465886529379	5.53396892689096E-5
3.4379934870864433	5.768056574296685E-5
3.4413281088790963	5.860154536565662E-5
3.4446627306717494	5.8132540233170405E-5
3.4479973524644025	5.754889271470707E-5
3.4513319742570556	5.756782107506852E-5
3.4546665960497087	5.8655511464239254E-5
3.458001217842362	5.8099932948107813E-5
3.461335839635015	5.9215256921803325E-5
3.464670461427668	5.4196574376588996E-5
3.468005083220321	4.2253023322217926E-5
3.471339705012974	3.863998823503599E-5
3.4746743268056273	3.796949683431514E-5
3.4780089485982804	3.838966866785192E-5
3.4813435703909335	4.044079332472115E-5
3.4846781921835865	4.3123735802736984E-5
3.4880128139762396	4.3631300023074116E-5
3.4913474357688927	4.224609544134794E-5
3.494682057561546	3.913584329351698E-5
3.498016679354199	3.591951974419477E-5
3.501351301146852	3.4423454923053023E-5
3.504685922939505	3.258964308962678E-5
3.508020544732158	3.2306781945313226E-5
3.5113551665248113	3.271004307172997E-5
3.5146897883174644	3.314061891022895E-5
3.5180244101101175	3.3248067155950794E-5
3.5213590319027706	3.3158760076295634E-5
3.5246936536954236	3.3140789242180654E-5
3.5280282754880767	3.3437559729494604E-5
3.53136289728073	3.4097570165028034E-5
3.534697519073383	3.35440459424331E-5
3.538032140866036	3.3754910314137434E-5
3.541366762658689	3.395620414695512E-5
3.544701384451342	3.4251712198402386E-5
3.5480360062439953	3.495151334333321E-5
3.5513706280366484	3.5735234563830594E-5
3.5547052498293015	3.633820814805627E-5
3.5580398716219546	3.674814334470138E-5
3.5613744934146077	3.6596429599761316E-5
3.5647091152072607	3.652925070856495E-5
3.568043736999914	3.6909493118949105E-5
3.571378358792567	3.773768261175681E-5
3.57471298058522	3.706379042639736E-5
3.578047602377873	3.4475646614218195E-5
3.581382224170526	3.244240792452062E-5
3.5847168459631793	3.0104383312734948E-5
3.5880514677558324	2.2721792384300642E-5
3.5913860895484855	1.8305740481322277E-5
3.5947207113411386	1.84773133616162E-5
3.5980553331337917	1.9621089626825795E-5
3.6013899549264448	2.115388983215958E-5
3.604724576719098	2.2795039146277153E-5
3.608059198511751	2.4312252982167076E-5
3.611393820304404	2.457330053963072E-5
3.614728442097057	2.376941489446411E-5
3.61806306388971	2.304430521256346E-5
3.6213976856823633	2.284230269930803E-5
3.6247323074750164	2.3124228660208014E-5
3.6280669292676695	2.3694066810971368E-5
3.6314015510603226	2.4244484568085968E-5
3.6347361728529757	2.4505587834300923E-5
3.6380707946456288	2.4435447365971923E-5
3.641405416438282	2.421480504605451E-5
3.644740038230935	2.4067321426636292E-5
3.648074660023588	2.4102265703892784E-5
3.651409281816241	2.4308248746351775E-5
3.6547439036088942	2.459354595133097E-5
3.6580785254015473	2.336802063344458E-5
3.6614131471942004	2.2399239975406595E-5
3.6647477689868535	2.2315472763118023E-5
3.6680823907795066	2.0526454133539736E-5
3.6714170125721597	1.9429318962612754E-5
3.674751634364813	1.979704963430031E-5
3.678086256157466	2.0430246907407496E-5
3.681420877950119	2.09281918704352E-5
3.684755499742772	2.1097489914489973E-5
3.688090121535425	2.10146465608792E-5
3.6914247433280782	2.093649216421385E-5
3.6947593651207313	2.104254532304288E-5
3.6980939869133844	2.1329667024255557E-5
3.7014286087060375	2.1722314963687265E-5
3.7047632304986906	2.2120476266144976E-5
3.7080978522913437	2.2282629424514748E-5
3.711432474083997	2.2125703623820327E-5
3.71476709587665	2.1950989414693054E-5
3.718101717669303	2.18315550507322E-5
3.721436339461956	2.1884008682231982E-5
3.724770961254609	2.20615819174004E-5
3.7281055830472623	2.2355657986062386E-5
3.7314402048399153	2.192988840871542E-5
3.7347748266325684	2.205755362267387E-5
3.7381094484252215	2.2087939702773674E-5
3.7414440702178746	2.2112352925687807E-5
3.7447786920105277	2.2380487101429456E-5
3.748113313803181	2.2179198072468772E-5
3.751447935595834	2.158714330708055E-5
3.754782557388487	2.1356626791550466E-5
3.75811717918114	2.168418245324736E-5
3.761451800973793	2.2096669863679486E-5
3.7647864227664463	2.093618083184241E-5
3.7681210445590994	1.888919124819742E-5
3.7714556663517524	1.7540356307353483E-5
3.7747902881444055	1.6950700533782234E-5
3.7781249099370586	1.684073022515959E-5
3.7814595317297117	1.684964845859231E-5
3.784794153522365	1.689724840177631E-5
3.788128775315018	1.6983747381226778E-5
3.791463397107671	1.7150795741651703E-5
3.794798018900324	1.742847788038579E-5
3.798132640692977	1.78040889027042E-5
3.8014672624856303	1.8223493661119075E-5
3.8048018842782834	1.8625260103811145E-5
3.8081365060709365	1.8928264214686316E-5
3.8114711278635895	1.9022028050451036E-5
3.8148057496562426	1.91371859844565E-5
3.8181403714488957	1.9336072726775857E-5
3.821474993241549	1.9625867591568133E-5
3.824809615034202	1.9962948925800665E-5
3.828144236826855	2.0283570563902747E-5
3.831478858619508	2.0546772339806526E-5
3.834813480412161	2.07558447144761E-5
3.8381481022048143	2.0890492450263227E-5
3.8414827239974674	2.0955291208481064E-5
3.8448173457901205	2.110149536790048E-5
3.8481519675827736	2.134326188481904E-5
3.8514865893754267	2.153820760383813E-5
3.8548212111680797	2.166417193007862E-5
3.858155832960733	2.1901149331335853E-5
3.861490454753386	2.2138085821844654E-5
3.864825076546039	2.238641289604761E-5
3.868159698338692	2.2697608525675836E-5
3.871494320131345	2.3038162826063564E-5
3.8748289419239983	2.3389988138368983E-5
3.8781635637166514	2.374681309416881E-5
3.8814981855093045	2.2281055381732375E-5
3.8848328073019576	2.2517857706478156E-5
3.8881674290946107	2.2548618206881864E-5
3.8915020508872638	2.2666428857383422E-5
3.894836672679917	2.314871314181533E-5
3.89817129447257	2.359029557710258E-5
3.901505916265223	2.3989421753009395E-5
3.904840538057876	2.4361227935658327E-5
3.908175159850529	2.4705917635919167E-5
3.9115097816431823	2.502134818357993E-5
3.9148444034358354	2.535676857896182E-5
3.9181790252284885	2.575581601997279E-5
3.9215136470211416	2.6211413286683007E-5
3.9248482688137947	2.4494121493142115E-5
3.9281828906064478	2.2835405539370894E-5
3.931517512399101	2.1853860628139588E-5
3.934852134191754	2.1384202073521592E-5
3.938186755984407	2.1392079549422643E-5
3.94152137777706	2.1673277098177805E-5
3.9448559995697132	2.2145721514888887E-5
3.9481906213623663	2.2631348193490443E-5
3.9515252431550194	2.2881429021846904E-5
3.9548598649476725	2.318327805265808E-5
3.9581944867403256	2.3465047817857136E-5
3.9615291085329787	2.3799972973677352E-5
3.9648637303256318	2.4224165013058417E-5
3.968198352118285	2.4752073988369816E-5
3.971532973910938	2.5297516756595524E-5
3.974867595703591	2.578244813448599E-5
3.978202217496244	2.6209375749296633E-5
3.9815368392888972	2.6612822659290125E-5
3.9848714610815503	2.7039363572184565E-5
3.9882060828742034	2.670201186641775E-5
3.9915407046668565	2.514828078644372E-5
3.9948753264595096	2.445111795651714E-5
3.9982099482521627	2.4701201489912482E-5
4.001544570044382	2.5279838554658176E-5
4.004879191836099	2.6055414962063663E-5
4.008213813627815	2.6823020122649305E-5
4.011548435419532	2.7498280630370575E-5
4.014883057211248	2.8068382230287385E-5
4.018217679002965	2.8580285200759792E-5
4.021552300794681	2.9083722938489355E-5
4.024886922586398	2.9611101225803752E-5
4.028221544378114	3.017271301229825E-5
4.031556166169831	3.076821157897814E-5
4.034890787961547	3.1390248288564915E-5
4.038225409753264	3.202424803766486E-5
4.0415600315449804	3.2655028396075E-5
4.044894653336697	3.3276894632535504E-5
4.0482292751284135	3.389836354960776E-5
4.05156389692013	3.431276582663154E-5
4.0548985187118465	3.0852242670960274E-5
4.058233140503563	2.9692348725909114E-5
4.0615677622952795	2.9471341958302874E-5
4.064902384086996	2.9627195670945317E-5
4.0682370058787125	3.071827918389412E-5
4.071571627670429	3.2280067489576E-5
4.0749062494621455	3.400374749930743E-5
4.078240871253862	2.615494510816306E-5
4.0815754930455785	1.894040020058869E-5
4.084910114837295	1.5551750144898195E-5
4.0882447366290116	1.2573944905669557E-5
4.091579358420728	1.1851678051387765E-5
4.094913980212445	1.1982678978165026E-5
4.098248602004161	1.2604030145132904E-5
4.101583223795878	1.3628182117616518E-5
4.104917845587594	1.417880907835824E-5
4.108252467379311	1.3882621450068093E-5
4.111587089171027	1.3256433645064942E-5
4.114921710962744	1.290000890698991E-5
4.11825633275446	1.29637081409099E-5
4.121590954546177	1.3349608505173015E-5
4.124925576337893	1.3532730279546276E-5
4.12826019812961	1.361644224990732E-5
4.131594819921326	1.365454278874512E-5
4.134929441713043	1.3663334563311579E-5
4.138264063504759	1.3791538831982296E-5
4.141598685296476	1.4097624879353998E-5
4.144933307088192	1.4536116878102297E-5
4.148267928879909	1.3508952421836647E-5
4.151602550671625	1.331940745899443E-5
4.154937172463342	1.3343192266589106E-5
4.158271794255058	1.350578410581189E-5
4.161606416046775	1.3735043956577783E-5
4.164941037838491	1.4005443016343207E-5
4.168275659630208	1.4332377772068313E-5
4.171610281421924	1.4691472504898328E-5
4.174944903213641	1.503148945488831E-5
4.178279525005357	1.5276281365787295E-5
4.181614146797074	1.5460357573161772E-5
4.18494876858879	1.5616816363674853E-5
4.188283390380507	1.580629300960382E-5
4.191618012172223	1.604583056795435E-5
4.19495263396394	1.632362015333887E-5
4.198287255755656	1.6612833822288328E-5
4.201621877547373	1.6888098697303292E-5
4.204956499339089	1.7140136122038905E-5
4.208291121130806	1.7377912530780123E-5
4.211625742922522	1.698428670747219E-5
4.214960364714239	1.6900327111736777E-5
4.218294986505955	1.6985257998278792E-5
4.221629608297672	1.7226232025875984E-5
4.224964230089388	1.7587951081951303E-5
4.228298851881105	1.80109927361262E-5
4.231633473672821	1.845025618846365E-5
4.234968095464538	1.885296933677414E-5
4.238302717256254	1.9203077798341952E-5
4.241637339047971	1.9270639563891312E-5
4.244971960839687	1.962750282853753E-5
4.248306582631404	1.9936023843655376E-5
4.25164120442312	2.030915187316395E-5
4.254975826214837	2.071763515666627E-5
4.2583104480065535	2.116413449605499E-5
4.26164506979827	2.12553059130553E-5
4.2649796915899865	2.1308734342977407E-5
4.268314313381703	2.1502109728515352E-5
4.2716489351734195	2.181097732212486E-5
4.274983556965136	2.2204563870681185E-5
4.2783181787568525	2.2645720908675838E-5
4.281652800548569	2.3088587681336866E-5
4.2849874223402855	2.349444206656385E-5
4.288322044132002	2.3874016653932785E-5
4.2916566659237185	2.4256993519442077E-5
4.294991287715435	2.4666854948538113E-5
4.2983259095071515	2.5106429551868938E-5
4.301660531298868	2.5561133642117702E-5
4.304995153090585	2.601392719050494E-5
4.308329774882301	2.6456744184114447E-5
4.311664396674018	2.689260847994315E-5
4.314999018465734	2.7330723698172177E-5
4.318333640257451	2.7779991396251463E-5
4.321668262049167	2.8251191712416573E-5
4.325002883840884	2.877031481196618E-5
4.3283375056326	2.9243780753409536E-5
4.331672127424317	2.9693610378879244E-5
4.335006749216033	2.9892372401848363E-5
4.33834137100775	3.0348725303481295E-5
4.341675992799466	3.094047663380974E-5
4.345010614591183	3.131080540629742E-5
4.348345236382899	3.143276057815226E-5
4.351679858174616	3.1417487038976146E-5
4.355014479966332	3.161002304321698E-5
4.358349101758049	3.1924702035444536E-5
4.361683723549765	3.233055235584915E-5
4.365018345341482	3.2858519156629635E-5
4.368352967133198	3.34695151516564E-5
4.371687588924915	3.4099232265267E-5
4.375022210716631	3.4664537206628295E-5
4.378356832508348	3.5132598570313285E-5
4.381691454300064	3.55401241513976E-5
4.385026076091781	3.572834837260944E-5
4.388360697883497	3.50963045818543E-5
4.391695319675214	3.423935682114101E-5
4.39502994146693	3.393547567021894E-5
4.398364563258647	3.423335082735465E-5
4.401699185050363	3.512524762735822E-5
4.40503380684208	3.6198384718214E-5
4.408368428633796	3.68668711774252E-5
4.411703050425513	3.711692493090227E-5
4.415037672217229	3.736975000267997E-5
4.418372294008946	3.7885927205369274E-5
4.421706915800662	3.864101732277745E-5
4.425041537592379	3.956668067682371E-5
4.428376159384095	4.054695414576613E-5
4.431710781175812	4.146505064255407E-5
4.435045402967528	4.226833868101361E-5
4.438380024759245	4.305092461110002E-5
4.441714646550961	4.3316176714703814E-5
4.445049268342678	4.251851256537159E-5
4.448383890134394	3.1100429447527314E-5
4.451718511926111	1.9829488991011294E-5
4.455053133717827	1.8037368032716794E-5
4.458387755509544	1.7800350822095264E-5
4.46172237730126	1.8316271164529645E-5
4.465056999092977	1.9711395750765476E-5
4.468391620884693	2.1402649892556914E-5
4.47172624267641	2.228768036802497E-5
4.4750608644681265	2.204311977720813E-5
4.478395486259843	2.131350119358167E-5
4.4817301080515595	2.0849148354867324E-5
4.485064729843276	2.0955042599352443E-5
4.4883993516349925	2.135575296184529E-5
4.491733973426709	2.1731557750573065E-5
4.4950685952184255	2.219190640206338E-5
4.498403217010142	2.0666064721803758E-5
4.5017378388018585	1.9416720661612873E-5
4.505072460593575	1.8421226849093613E-5
4.5084070823852915	1.7965089120415795E-5
4.511741704177008	1.800064253713009E-5
4.5150763259687245	1.8245892239986784E-5
4.518410947760441	1.8401584959014125E-5
4.521745569552158	1.818257718880837E-5
4.525080191343874	1.7887258353670126E-5
4.528414813135591	1.7725075734608957E-5
4.531749434927307	1.776675084913742E-5
4.535084056719024	1.7937968606440827E-5
4.53841867851074	1.8214900260843367E-5
4.541753300302457	1.8469617566428577E-5
4.545087922094173	1.8590463603385705E-5
4.54842254388589	1.8194841999109994E-5
4.551757165677606	1.7279960610794443E-5
4.555091787469323	1.6225574280719487E-5
4.558426409261039	1.578360427664907E-5
4.561761031052756	1.58049037223823E-5
4.565095652844472	1.5868598893113092E-5
4.568430274636189	1.5776963496850635E-5
4.571764896427905	1.6164105392542156E-5
4.575099518219622	1.6516860402533833E-5
4.578434140011338	1.6799475639532405E-5
4.581768761803055	1.7075642726254764E-5
4.585103383594771	1.736636082071642E-5
4.588438005386488	1.756367330588875E-5
4.591772627178204	1.7879916662914597E-5
4.595107248969921	1.818282003752715E-5
4.598441870761637	1.8537505231019014E-5
4.601776492553354	1.8919250156831007E-5
4.60511111434507	1.927011803462191E-5
4.608445736136787	1.9522250087814946E-5
4.611780357928503	1.972552367065848E-5
4.61511497972022	1.9941075517954497E-5
4.618449601511936	2.0096810900128606E-5
4.621784223303653	2.0312694734246485E-5
4.625118845095369	2.0643964019590177E-5
4.628453466887086	2.104909694486334E-5
4.631788088678802	2.1486219829549472E-5
4.635122710470519	2.1908116037660072E-5
4.638457332262235	2.2289175012671062E-5
4.641791954053952	2.265350101157519E-5
4.645126575845668	2.303118458886009E-5
4.648461197637385	2.3441724144190065E-5
4.651795819429101	2.388638050581894E-5
4.655130441220818	2.4350490095548477E-5
4.658465063012534	2.4817880628502757E-5
4.661799684804251	2.527975763954926E-5
4.665134306595967	2.5738710599638315E-5
4.668468928387684	2.62045781091817E-5
4.6718035501794	2.6687617123099242E-5
4.675138171971117	2.719272521969703E-5
4.678472793762833	2.771802091821941E-5
4.68180741555455	2.825776980968817E-5
4.685142037346266	2.8806806442703684E-5
4.688476659137983	1.2799562495379018E-5
4.6918112809296995	1.0486937099548244E-5
4.695145902721416	1.0358467850229054E-5
4.6984805245131325	9.689339299724874E-6
4.701815146304849	9.41168703627433E-6
4.7051497680965655	1.0472787836657604E-5
4.708484389888282	1.167123270646941E-5
4.7118190116799985	1.1680014482064663E-5
4.715153633471715	1.0525275153296435E-5
4.7184882552634315	9.551324748113878E-6
4.721822877055148	9.422863744276668E-6
4.7251574988468645	9.683517294541683E-6
4.728492120638581	1.0203654685800825E-5
4.7318267424302975	1.075682973989731E-5
4.735161364222014	1.0930375743380343E-5
4.738495986013731	1.0719682586341355E-5
4.741830607805447	1.0340031929621029E-5
4.745165229597164	1.0269459090218032E-5
4.74849985138888	1.0514996847249789E-5
4.751834473180597	1.0843229280778085E-5
4.755169094972313	1.1111380931635816E-5
4.75850371676403	1.1126084149193735E-5
4.761838338555746	1.1128476171249831E-5
4.765172960347463	1.1087129235909625E-5
4.768507582139179	1.0408021559656036E-5
4.771842203930896	1.0455501890120488E-5
4.775176825722612	1.0943864031994425E-5
4.778511447514329	1.1421426919913895E-5
4.781846069306045	1.1801841622494262E-5
4.785180691097762	1.2046088852383916E-5
4.788515312889478	1.2138632512220165E-5
4.791849934681195	1.2189815707936308E-5
4.795184556472911	1.2298770976207853E-5
4.798519178264628	1.2480216551081716E-5
4.801853800056344	1.2706715602368667E-5
4.805188421848061	1.294796147627244E-5
4.808523043639777	1.3169704971543954E-5
4.811857665431494	1.3348781820150764E-5
4.81519228722321	1.3492801828607817E-5
4.818526909014927	1.3633274994710324E-5
4.821861530806643	1.3785105707430362E-5
4.82519615259836	1.3846914763666412E-5
4.828530774390076	1.39566685798522E-5
4.831865396181793	1.4111215822786659E-5
4.835200017973509	1.4297218768519066E-5
4.838534639765226	1.450727034514675E-5
4.841869261556942	1.4715939277291364E-5
4.845203883348659	1.4916396185744145E-5
4.848538505140375	1.5116847451534629E-5
4.851873126932092	1.5327529537639623E-5
4.855207748723808	1.5550385882283597E-5
4.858542370515525	1.5736390220351637E-5
4.861876992307241	1.5233036135615989E-5
4.865211614098958	1.5121984437561806E-5
4.868546235890674	1.489624734322373E-5
4.871880857682391	1.4795716323519777E-5
4.875215479474107	1.3508563063552694E-5
4.878550101265824	1.1667256964856957E-5
4.88188472305754	1.1292805216001718E-5
4.885219344849257	1.1295969090797487E-5
4.888553966640973	1.137198238942841E-5
4.89188858843269	1.1508458145525978E-5
4.895223210224406	1.1761547325424765E-5
4.898557832016123	1.2023659871233796E-5
4.9018924538078394	1.2267561034235299E-5
4.905227075599556	1.2483187658363702E-5
4.9085616973912725	1.2677914915790631E-5
4.911896319182989	1.2875864270183601E-5
4.9152309409747055	1.291350545370373E-5
4.918565562766422	1.293487478326466E-5
4.9219001845581385	1.3042128200157819E-5
4.925234806349855	1.3184459064124861E-5
4.9285694281415715	1.3432890546860638E-5
4.931904049933288	1.3690830264587599E-5
4.9352386717250045	1.3935665953369376E-5
4.938573293516721	1.4155228557692431E-5
4.9419079153084375	1.4343386393482817E-5
4.945242537100154	1.4509866647989653E-5
4.9485771588918706	1.4678418905659925E-5
4.951911780683587	1.4868737056256511E-5
4.955246402475304	1.5084730800994115E-5
4.95858102426702	1.531601803517955E-5
4.961915646058737	1.5547096938948793E-5
4.965250267850453	1.5765106247562213E-5
4.96858488964217	1.5970058336409438E-5
4.971919511433886	1.6172233719712827E-5
4.975254133225603	1.636684668828782E-5
4.978588755017319	1.656552630249791E-5
4.981923376809036	1.6764543427702036E-5
4.985257998600752	1.7019701463265272E-5
4.988592620392469	1.7331627898911454E-5
4.991927242184185	1.762934520743009E-5
4.995261863975902	1.7893979555672585E-5
4.998596485767618	1.744750047465848E-5
