0.0033330406538175155	0.0013823207196982296
0.00666766244646512	0.005530594145638098
0.010002284239111522	0.012444820355545253
0.013336906031757297	0.022124999349420124
0.016671527824403072	0.03457113112725327
0.020006149617048847	0.049783215689051113
0.02334077140969462	0.06776125303481309
0.026675393202340397	0.08850524316456754
0.03001001499498617	0.1120151860783515
0.03334463678763654	0.13818606719854334
0.036679258580289635	0.1670254097559906
0.04001388037294273	0.1986307050974205
0.04334850216559582	0.232811651198804
0.04668312395824891	0.2694554398982332
0.050017745750902	0.30881497191565416
0.053352367543555095	0.35069959613349805
0.056686989336208186	0.3930868931673239
0.06002161112886128	0.4400762685079587
0.06335623292151436	0.4870434481771535
0.06669085471416746	0.540966134434912
0.07002547650682055	0.5946067573266832
0.07336009829947364	0.65141624962288
0.07669472009212673	0.7108329422987012
0.08002934188477982	0.7725794454795251
0.08336396367743291	0.8339475233409728
0.086698585470086	0.9027485412204106
0.0900332072627391	0.9688769236621123
0.09336782905539219	1.0410732557073
0.09670245084804528	1.1083575466879376
0.10003707264069837	1.1859341804240142
0.10337169443335147	1.266676228519802
0.10670631622600456	1.3474217270763167
0.11004093801865765	1.4218651007598127
0.11337555981131074	1.500167016173821
0.11671018160396383	1.5808873356194961
0.12004480339661693	1.6603925222890747
0.12337942518927002	1.739981991866088
0.1267140469819231	1.8342009423160723
0.1300486687745762	1.9284894521057616
0.13338329056722928	2.0201858807741964
0.13671791235988237	2.1059885426201506
0.14005253415253546	2.2044947719245496
0.14338715594518855	2.3034079827098837
0.14672177773784165	2.413637235856787
0.15005639953049474	2.5034102270323544
0.15339102132314783	2.608384307271701
0.15672564311580092	2.7014348459924458
0.16006026490845401	2.8081761776407346
0.1633948867011071	2.9214682609324076
0.1667295084937602	3.034645608031943
0.1700641302864133	3.1447782345727524
0.17339875207906638	3.2582594809417835
0.17673337387171947	3.3655808592380594
0.18006799566437257	3.4756508865601696
0.18340261745702566	3.604625245898563
0.18673723924967875	3.7076487019200814
0.19007186104233184	3.8098662388731825
0.19340648283498493	3.9263778706370043
0.19674110462763802	4.034121373077835
0.20007572642029112	4.152812032722941
0.2034103482129442	4.220900786995308
0.2067449700055973	4.325166649128129
0.2100795917982504	4.458826493063327
0.21341421359090348	4.538450145258037
0.21674883538355658	4.655635389497675
0.22008345717620967	4.727779951031967
0.22341807896886276	4.812047911092137
0.22675270076151585	4.882261208548087
0.23008732255416894	4.975374340537107
0.23342194434682204	5.091431063359131
0.23675656613947513	5.170142613547422
0.24009118793212822	5.288912512026684
0.2434258097247813	5.381007947449243
0.2467604315174344	5.488024533702312
0.25009505331008747	5.6095054816223415
0.25342967510274056	5.72512278371438
0.25676429689539365	5.836143429204098
0.26009891868804674	5.965288516442164
0.26343354048069983	6.087639782629787
0.2667681622733529	6.180703656649782
0.270102784066006	6.293668693216001
0.2734374058586591	6.354469474543649
0.2767720276513122	6.411189053640465
0.2801066494439653	6.505078855114464
0.2834412712366184	6.566088120540641
0.2867758930292715	6.676918289597589
0.29011051482192457	6.754477285680772
0.29344513661457766	6.845787293306758
0.29677975840723075	6.930373127872526
0.30011438019988385	7.035341496461112
0.30344900199253694	7.106419260048347
0.30678362378519003	7.219269516958802
0.3101182455778431	7.298573821883142
0.3134528673704962	7.350083491952597
0.3167874891631493	7.366757841372572
0.3201221109558024	7.355507703594305
0.3234567327484555	7.390092239788465
0.3267913545411086	7.299080185191251
0.3301259763337617	7.2836676184251425
0.33346059812641476	7.254246368986201
0.33679521991906786	7.266007453162532
0.34012984171172095	7.307300462040204
0.34346446350437404	7.361633483607247
0.34679908529702713	7.38181640874032
0.3501337070896802	7.40898589434455
0.3534683288823333	7.460706759493259
0.3568029506749864	7.564491440566793
0.3601375724676395	7.637655885442421
0.3634721942602926	7.672099292545865
0.3668068160529457	7.712199114231333
0.3701414378455988	7.734967648064326
0.37347605963825187	7.761847064463543
0.37681068143090496	7.709551347255917
0.38014530322355805	7.756231811344049
0.38347992501621114	7.585193274376463
0.38681454680886423	7.503463957467077
0.3901491686015173	7.4370408614802805
0.3934837903941704	7.35406527496017
0.3968184121868235	7.346189689924446
0.4001530339794766	7.174331869805981
0.4034876557721297	7.053666456376194
0.4068222775647828	6.875923753011677
0.4101568993574359	6.634980122062484
0.41349152115008897	6.36925891509476
0.41682614294274206	6.259796996428877
0.42016076473539515	6.148212386897036
0.42349538652804825	5.975633568202692
0.42683000832070134	5.900445271395685
0.43016463011335443	5.786124338799692
0.4334992519060075	5.600578222221218
0.4368338736986606	5.504342934175507
0.4401684954913137	5.4012582567048995
0.4435031172839668	5.26927859406608
0.4468377390766199	5.162831808257681
0.450172360869273	4.995218460552644
0.4535069826619261	4.7290660595072005
0.45684160445457916	4.514629775393403
0.46017622624723226	4.3532582648777
0.46351084803988535	4.16985184559941
0.46684546983253844	3.9039640531005655
0.47018009162519153	3.741732837802996
0.4735147134178446	3.5426374496967856
0.4768493352104977	3.2860702980242658
0.4801839570031508	2.9574350432324974
0.4835185787958039	2.6511563529385853
0.486853200588457	2.3189078165257557
0.4901878223811101	1.962218888802979
0.4935224441737632	1.5514037979575193
0.49685706596641627	1.0815595722453688
0.5001916877590693	0.8656865651414873
0.5035263095517224	0.6879314367641746
0.5068609313443755	0.5236293804933491
0.5101955531370286	0.42713788621429843
0.5135301749296817	0.3864900493245573
0.5168647967223348	0.23724748916852015
0.5201994185149879	0.19220541296322174
0.523534040307641	0.18705547848273799
0.526868662100294	0.1709469906188886
0.5302032838929471	0.15755375000090346
0.5335379056856002	0.15222554898983656
0.5368725274782533	0.14184764868608096
0.5402071492709064	0.13028441479180178
0.5435417710635595	0.12936085707643188
0.5468763928562126	0.118963736227715
0.5502110146488657	0.10394508186377163
0.5535456364415188	0.09813996459233142
0.5568802582341719	0.0846529729815491
0.560214880026825	0.08312650058144135
0.563549501819478	0.08021073977454184
0.5668841236121311	0.0761546457798435
0.5702187454047842	0.06761677271788243
0.5735533671974373	0.06223033775998365
0.5768879889900904	0.061183060814427266
0.5802226107827435	0.05606826273088505
0.5835572325753966	0.05090793624340861
0.5868918543680497	0.047748114831473544
0.5902264761607028	0.04334081922951871
0.5935610979533559	0.04144481484141423
0.596895719746009	0.0404864969203779
0.6002303415386621	0.036772972966280425
0.6035649633313152	0.03402451721364184
0.6068995851239682	0.0327642664428593
0.6102342069166213	0.030577490218332497
0.6135688287092744	0.028243282058408536
0.6169034505019275	0.026988279667689494
0.6202380722945806	0.026958837106886062
0.6235726940872337	0.027560815107764057
0.6269073158798868	0.012025510016686638
0.6302419376725399	0.02423641594188647
0.633576559465193	0.024580849276522442
0.6369111812578461	0.02485036716796946
0.6402458030504992	0.02536833783077515
0.6435804248431523	0.026003570149967202
0.6469150466358053	0.026629364294366267
0.6502496684284584	0.0275709962749847
0.6535842902211115	0.028560658076260213
0.6569189120137646	0.029637537780283565
0.6602535338064177	0.030919570617891162
0.6635881555990708	0.014678328294103026
0.6669227773917239	0.010004026389598868
0.670257399184377	0.009122433341805113
0.6735920209770301	0.005768444329297469
0.6769266427696832	0.005591835594889768
0.6802612645623363	0.004578432174574329
0.6835958863549894	0.005337707372344491
0.6869305081476424	0.0062000336118997424
0.6902651299402955	0.00625923748944468
0.6935997517329486	0.006246512106426396
0.6969343735256017	0.006278840352148911
0.7002689953182548	0.005220701952815057
0.7036036171109079	0.004812346220208609
0.706938238903561	0.004884067041972632
0.7102728606962141	0.004927628586531009
0.7136074824888672	0.005216994969923837
0.7169421042815203	0.0054396071218862935
0.7202767260741734	0.005732718029266534
0.7236113478668265	0.006234898970546377
0.7269459696594796	0.004699741506315184
0.7302805914521326	0.0035955159880759775
0.7336152132447857	0.0031723176264191973
0.7369498350374388	0.0031583136546052765
0.7402844568300919	0.0032067479459735155
0.743619078622745	0.003468593105737099
0.7469537004153981	0.003515715419892782
0.7502883222080512	0.0033949966590379977
0.7536229440007043	0.0033191625025723744
0.7569575657933574	0.003192202190822381
0.7602921875860105	0.0030938743847146654
0.7636268093786636	0.002552740727620274
0.7669614311713167	0.0023150138155699296
0.7702960529639697	0.0020422118008365177
0.7736306747566228	0.0019957405630068805
0.7769652965492759	0.0019779266058078987
0.780299918341929	0.001954742998338385
0.7836345401345821	0.002111276394686623
0.7869691619272352	0.0021206331437123643
0.7903037837198883	0.0017715120800097116
0.7936384055125414	0.0018242489686103678
0.7969730273051945	0.0017761503827936186
0.8003076490978476	0.0018729992370267003
0.8036422708905007	0.0019346755178588273
0.8069768926831538	0.0019920317498155968
0.8103115144758068	0.00211124225228859
0.8136461362684599	0.0021820908132804376
0.816980758061113	0.0022170845661299353
0.8203153798537661	0.002228881906960966
0.8236500016464192	0.0022519751216016058
0.8269846234390723	0.002278292388026045
0.8303192452317254	0.0024179061582548416
0.8336538670243785	0.0025075897139546434
0.8369884888170316	0.0026584749179423433
0.8403231106096847	0.002804430741447524
0.8436577324023378	0.0030131605087500516
0.8469923541949909	0.002984794416054566
0.850326975987644	0.003031995617146489
0.853661597780297	0.002985036326332451
0.8569962195729501	0.003154072595941094
0.8603308413656032	0.0032082310552685937
0.8636654631582563	0.0034807359621233302
0.8670000849509094	0.003677940644772905
0.8703347067435625	0.003617438363408479
0.8736693285362156	0.0037676879310219145
0.8770039503288687	0.003977591322541135
0.8803385721215218	0.004231977979229174
0.8836731939141749	0.004255441632601592
0.887007815706828	0.004383194530592473
0.890342437499481	0.004067100478536685
0.8936770592921341	0.004062041101185853
0.8970116810847872	0.004585272295440291
0.9003463028774403	0.004206773178923606
0.9036809246700934	0.003757004397642386
0.9070155464627465	0.0038128075969477244
0.9103501682553996	0.003164063992875155
0.9136847900480527	0.003296465635643836
0.9170194118407058	0.003488756415296447
0.9203540336333589	0.003555376868054764
0.923688655426012	0.0022478906214798322
0.9270232772186651	0.002047864395256614
0.9303578990113182	0.0019200154238278129
0.9336925208039712	0.001593152987501277
0.9370271425966243	0.0014928868879277174
0.9403617643892774	0.0015155811763464628
0.9436963861819305	0.001498044224073595
0.9470310079745836	0.0016216651203284425
0.9503656297672367	0.0015455614141086482
0.9537002515598898	0.001508366246644754
0.9570348733525429	0.0015013589072049246
0.960369495145196	0.0014565502053391632
0.9637041169378491	0.0015062833463458949
0.9670387387305022	0.0012820199860518822
0.9703733605231553	0.0011736828874765464
0.9737079823158084	0.0012248754021067412
0.9770426041084614	0.0013026162663871744
0.9803772259011145	0.001381504610741472
0.9837118476937676	0.001588751029984582
0.9870464694864207	0.0018169364127325583
0.9903810912790738	0.001964281433179637
0.9937157130717269	0.0019854494809479566
0.99705033486438	0.002118844520648384
1.000384956657033	0.002320210320461411
1.0037195784496862	0.002493089948693796
1.0070542002423393	0.002685457515024164
1.0103888220349924	0.001591362417718451
1.0137234438276455	0.001537301077142843
1.0170580656202985	0.001318521656890296
1.0203926874129516	0.0013156465906247333
1.0237273092056047	0.0013325153604508645
1.0270619309982578	0.0014123037841504073
1.030396552790911	0.0011257829803546816
1.033731174583564	8.944077953614899E-4
1.037065796376217	8.302240409310723E-4
1.0404004181688702	8.046528852454131E-4
1.0437350399615233	7.910256125612612E-4
1.0470696617541764	6.709613938636189E-4
1.0504042835468295	5.990832807163997E-4
1.0537389053394826	5.994762630044981E-4
1.0570735271321356	5.982384787066653E-4
1.0604081489247887	6.196103928512009E-4
1.0637427707174418	6.517869524275141E-4
1.067077392510095	6.884514241795754E-4
1.070412014302748	7.214042428096589E-4
1.073746636095401	7.534210084241847E-4
1.0770812578880542	7.322335124809887E-4
1.0804158796807073	7.269236669344102E-4
1.0837505014733604	7.053898772935346E-4
1.0870851232660135	7.001928999069899E-4
1.0904197450586666	7.1829700047486E-4
1.0937543668513197	7.464169606245895E-4
1.0970889886439728	7.626147213260941E-4
1.1004236104366258	7.742398570781321E-4
1.103758232229279	8.057926729130397E-4
1.107092854021932	8.456053164815763E-4
1.1104274758145851	8.833940802330429E-4
1.1137620976072382	8.925498734364958E-4
1.1170967193998913	9.015868961245674E-4
1.1204313411925444	8.985431086337962E-4
1.1237659629851975	8.849896851597999E-4
1.1271005847778506	8.82873906313516E-4
1.1304352065705037	8.662655887272444E-4
1.1337698283631568	7.856528412680468E-4
1.1371044501558099	7.877311028198379E-4
1.140439071948463	7.072259851661097E-4
1.143773693741116	7.050521238436805E-4
1.1471083155337691	7.100145354089961E-4
1.1504429373264222	7.429914485951996E-4
1.1537775591190753	6.798421197509483E-4
1.1571121809117284	6.473146669738107E-4
1.1604468027043815	6.400248743291471E-4
1.1637814244970346	6.405090862923401E-4
1.1671160462896877	6.711374377660919E-4
1.1704506680823408	7.165775286081276E-4
1.1737852898749939	7.631826861094888E-4
1.177119911667647	7.508457649208491E-4
1.1804545334603	6.586596890001427E-4
1.1837891552529531	5.730351876825799E-4
1.1871237770456062	5.138746188354098E-4
1.1904583988382593	4.697319954483884E-4
1.1937930206309124	4.3968980006862056E-4
1.1971276424235655	4.4941248050826995E-4
1.2004622642162186	5.054022442929915E-4
1.2037968860088717	5.465261621540699E-4
1.2071315078015248	5.75368428008175E-4
1.2104661295941779	5.382121889763735E-4
1.213800751386831	4.885243194326195E-4
1.217135373179484	4.4552871483489646E-4
1.2204699949721372	4.162030783646735E-4
1.2238046167647902	4.034688258565347E-4
1.2271392385574433	4.173129701645895E-4
1.2304738603500964	4.3956199688720873E-4
1.2338084821427495	4.638685317541068E-4
1.2371431039354026	4.864674360792677E-4
1.2404777257280557	5.111117490533471E-4
1.2438123475207088	5.304318650108985E-4
1.2471469693133619	5.390989066031654E-4
1.250481591106015	5.518471669741246E-4
1.253816212898668	5.685023075752239E-4
1.2571508346913212	5.941832588089659E-4
1.2604854564839743	6.154005281653901E-4
1.2638200782766273	6.198591100377704E-4
1.2671547000692804	6.231666661946231E-4
1.2704893218619335	6.224221444262502E-4
1.2738239436545866	6.236251080977079E-4
1.2771585654472397	5.619201818297413E-4
1.2804931872398928	5.17786075978444E-4
1.283827809032546	5.018158707085709E-4
1.287162430825199	5.011303362909611E-4
1.290497052617852	5.100809665125562E-4
1.2938316744105052	5.224204193312534E-4
1.2971662962031583	5.4356985113235E-4
1.3005009179958114	5.503785953945022E-4
1.3038355397884644	5.655328278536074E-4
1.3071701615811175	5.781645398888983E-4
1.3105047833737706	5.923401916913468E-4
1.3138394051664237	6.230148000933891E-4
1.3171740269590768	6.588029837764881E-4
1.32050864875173	5.806417359600671E-4
1.323843270544383	5.976191033235213E-4
1.327177892337036	5.726108236655227E-4
1.3305125141296892	5.134700893237444E-4
1.3338471359223423	5.263487467614253E-4
1.3371817577149954	5.432788084987451E-4
1.3405163795076485	5.692722581019794E-4
1.3438510013003016	6.111844759656012E-4
1.3471856230929546	6.559474687014108E-4
1.3505202448856077	6.925614805183159E-4
1.3538548666782608	7.098498734525598E-4
1.357189488470914	7.208798322304857E-4
1.360524110263567	7.322399889642534E-4
1.36385873205622	7.438336415491973E-4
1.3671933538488732	7.732370744278547E-4
1.3705279756415263	8.159649086789107E-4
1.3738625974341794	8.572649839302418E-4
1.3771972192268325	9.095110606319613E-4
1.3805318410194856	9.402331773951601E-4
1.3838664628121387	9.679773291804175E-4
1.3872010846047917	8.148378756835018E-4
1.3905357063974448	7.092022134619134E-4
1.393870328190098	5.795533337965513E-4
1.397204949982751	5.409131648700722E-4
1.4005395717754041	4.775809033545165E-4
1.4038741935680572	4.500905837362139E-4
1.4072088153607103	4.468416764088307E-4
1.4105434371533634	4.4596590351999406E-4
1.4138780589460165	4.692298479923625E-4
1.4172126807386696	4.948588922289944E-4
1.4205473025313227	5.034226684140575E-4
1.4238819243239758	4.826211327178412E-4
1.4272165461166288	4.5910148372398E-4
1.430551167909282	4.4855881615773596E-4
1.433885789701935	4.5812710973479543E-4
1.4372204114945881	4.79838315599181E-4
1.4405550332872412	4.920991271605527E-4
1.4438896550798943	5.097305686511256E-4
1.4472242768725474	4.783142883590243E-4
1.4505588986652005	4.6606967385559995E-4
1.4538935204578536	4.505776308327532E-4
1.4572281422505067	4.3656557175900964E-4
1.4605627640431598	4.157748226343109E-4
1.4638973858358129	4.1954819196598906E-4
1.467232007628466	4.3864934687703685E-4
1.470566629421119	4.610710150688311E-4
1.4739012512137721	4.8221579446221875E-4
1.4772358730064252	5.005996128709791E-4
1.4805704947990783	5.221601960880219E-4
1.4839051165917314	4.024219955694761E-4
1.4872397383843845	3.236311416606728E-4
1.4905743601770376	2.9893746774302025E-4
1.4939089819696907	2.935085310743057E-4
1.4972436037623438	2.8820195847981887E-4
1.5005782255549969	2.9882838938926243E-4
1.50391284734765	3.094048750351133E-4
1.507247469140303	3.151880140723067E-4
1.5105820909329561	3.1691249772321733E-4
1.5139167127256092	3.193330517966985E-4
1.5172513345182623	3.1597650802634613E-4
1.5205859563109154	3.2461884491483155E-4
1.5239205781035685	3.4073472149296935E-4
1.5272551998962216	3.4907095543746394E-4
1.5305898216888747	3.6310545486831626E-4
1.5339244434815278	3.6062578257057106E-4
1.5372590652741809	3.5292613785178927E-4
1.540593687066834	3.490920589288015E-4
1.543928308859487	3.4882179975238544E-4
1.5472629306521402	3.6065706597928027E-4
1.5505975524447932	3.762919045116932E-4
1.5539321742374463	3.8755863562200054E-4
1.5572667960300994	3.8879746856916857E-4
1.5606014178227525	3.890748336187627E-4
1.5639360396154056	3.890329552903574E-4
1.5672706614080587	3.8974361843560455E-4
1.5706052832007118	3.9357624521825285E-4
1.573939904993365	3.9496038936532E-4
1.577274526786018	4.0088963075245366E-4
1.580609148578671	4.1403370956313244E-4
1.5839437703713242	4.2716917422098505E-4
1.5872783921639773	4.3533310192828156E-4
1.5906130139566304	3.773104664466008E-4
1.5939476357492834	3.519216112651552E-4
1.5972822575419365	3.243461620702819E-4
1.6006168793345896	3.118798271610861E-4
1.6039515011272427	3.203355267630491E-4
1.6072861229198958	3.31336393064714E-4
1.610620744712549	3.2934904373041284E-4
1.613955366505202	3.43389501577241E-4
1.617289988297855	3.59378632628139E-4
1.6206246100905082	3.306673665053606E-4
1.6239592318831613	3.2309996277221095E-4
1.6272938536758144	3.1224458066083754E-4
1.6306284754684675	3.1373887374367126E-4
1.6339630972611205	3.1844237601234485E-4
1.6372977190537736	3.2807055301380876E-4
1.6406323408464267	3.3918838136853276E-4
1.6439669626390798	3.509123449699992E-4
1.647301584431733	3.6413407967024594E-4
1.650636206224386	3.728624078800926E-4
1.653970828017039	3.7407500096631673E-4
1.6573054498096922	3.7592357408170444E-4
1.6606400716023453	3.8116236013565317E-4
1.6639746933949984	3.8968753486956357E-4
1.6673093151876515	4.052466011299367E-4
1.6706439369803046	4.220041590209654E-4
1.6739785587729576	4.1737728884045305E-4
1.6773131805656107	4.377837596003701E-4
1.6806478023582638	4.2988600890214246E-4
1.683982424150917	4.2444506120003025E-4
1.68731704594357	4.250653394541331E-4
1.690651667736223	4.2993309187153763E-4
1.6939862895288762	4.387914934662419E-4
1.6973209113215293	3.860191194626665E-4
1.7006555331141824	3.838994290634451E-4
1.7039901549068355	3.7422373741641013E-4
1.7073247766994886	3.6228479275688546E-4
1.7106593984921417	3.653874193350564E-4
1.7139940202847948	3.712553629561157E-4
1.7173286420774478	3.6429789769893025E-4
1.720663263870101	3.635483829807624E-4
1.723997885662754	3.6252234531061257E-4
1.7273325074554071	3.6565446583676617E-4
1.7306671292480602	3.816016104906467E-4
1.7340017510407133	3.402641239334962E-4
1.7373363728333664	3.3059656399467746E-4
1.7406709946260195	3.268239971760959E-4
1.7440056164186726	3.327195060056824E-4
1.7473402382113257	3.4222948571300095E-4
1.7506748600039788	3.4376162306194854E-4
1.7540094817966319	3.5163316736155925E-4
1.757344103589285	3.5715286233263424E-4
1.760678725381938	3.6215990407084095E-4
1.7640133471745911	3.5682797044007936E-4
1.7673479689672442	3.5674109387282026E-4
1.7706825907598973	3.526557357233814E-4
1.7740172125525504	3.5267424335874687E-4
1.7773518343452035	3.561241515302237E-4
1.7806864561378566	3.381153290581413E-4
1.7840210779305097	3.173857284680611E-4
1.7873556997231628	3.041863666774388E-4
1.7906903215158159	2.925664849813823E-4
1.794024943308469	2.890308400360728E-4
1.797359565101122	2.76016187189921E-4
1.8006941868937751	2.691610905591696E-4
1.8040288086864282	2.566815691320009E-4
1.8073634304790813	2.4117430276053572E-4
1.8106980522717344	2.3333516613065143E-4
1.8140326740643875	2.2534209667581713E-4
1.8173672958570406	2.2781823708100497E-4
1.8207019176496937	2.3537392714581798E-4
1.8240365394423468	2.4459049348859644E-4
1.8273711612349999	2.521731926689151E-4
1.830705783027653	2.579818218061341E-4
1.834040404820306	2.6146057691580526E-4
1.8373750266129592	2.6441877419570975E-4
1.8407096484056122	2.6726797543927597E-4
1.8440442701982653	2.728977031995757E-4
1.8473788919909184	2.805147225300125E-4
1.8507135137835715	2.768559123008855E-4
1.8540481355762246	2.4323092099710168E-4
1.8573827573688777	2.02710247134782E-4
1.8607173791615308	1.733266135953566E-4
1.8640520009541839	1.6186906682830513E-4
1.867386622746837	1.58904259878244E-4
1.87072124453949	1.6482477105906796E-4
1.8740558663321432	1.8085035264189735E-4
1.8773904881247963	2.0559602337617966E-4
1.8807251099174493	2.3237819509540664E-4
1.8840597317101024	2.599551235908207E-4
1.8873943535027555	2.912721996511714E-4
1.8907289752954086	3.263410754050298E-4
1.8940635970880617	3.6309657992378606E-4
1.8973982188807148	3.977365398676521E-4
1.900732840673368	4.2912490447613485E-4
1.904067462466021	4.704108088492989E-4
1.907402084258674	5.10029565276822E-4
1.9107367060513272	2.2259390567046374E-4
1.9140713278439803	1.7437399000916665E-4
1.9174059496366334	1.6149385666126752E-4
1.9207405714292864	1.6177641458507084E-4
1.9240751932219395	1.6394640130003418E-4
1.9274098150145926	1.676769336301545E-4
1.9307444368072457	1.7344625176238674E-4
1.9340790585998988	1.7883349675790428E-4
1.937413680392552	1.845244721005589E-4
1.940748302185205	1.8880438515863146E-4
1.944082923977858	1.8129573166850217E-4
1.9474175457705112	1.8003980181996782E-4
1.9507521675631643	1.8009058381177162E-4
1.9540867893558174	1.8084799449886812E-4
1.9574214111484705	1.852217425611108E-4
1.9607560329411236	1.8520582385017843E-4
1.9640906547337766	1.7892289777542557E-4
1.9674252765264297	1.7049536297343869E-4
1.9707598983190828	1.6488637473882633E-4
1.974094520111736	1.6413340162487844E-4
1.977429141904389	1.6615742711829535E-4
1.980763763697042	1.7166716964044258E-4
1.9840983854896952	1.781590643130968E-4
1.9874330072823483	1.8543558141035922E-4
1.9907676290750014	1.922412290155422E-4
1.9941022508676545	1.9154568602702007E-4
1.9974368726603076	1.925267928257465E-4
2.0007714944529607	1.9400990615301615E-4
2.0041061162456137	1.9804477865238931E-4
2.007440738038267	2.026248573442775E-4
2.01077535983092	1.9365218494740068E-4
2.014109981623573	1.8414730552512322E-4
2.017444603416226	1.7450040100858833E-4
2.020779225208879	1.620013822091761E-4
2.0241138470015323	1.586355547188323E-4
2.0274484687941854	1.560426948528834E-4
2.0307830905868385	1.4820063809816675E-4
2.0341177123794916	1.3503916682941676E-4
2.0374523341721447	1.18370926250152E-4
2.0407869559647978	1.082154915545635E-4
2.044121577757451	1.0338952594217253E-4
2.047456199550104	1.020947058122733E-4
2.050790821342757	1.0352409568526399E-4
2.05412544313541	1.0838554588775235E-4
2.057460064928063	1.1305758615726082E-4
2.0607946867207163	1.1740079806252078E-4
2.0641293085133694	9.538252724028809E-5
2.0674639303060225	7.869943756659982E-5
2.0707985520986756	7.262826479776776E-5
2.0741331738913287	7.05926112482612E-5
2.0774677956839818	7.317219580191172E-5
2.080802417476635	7.282829885445456E-5
2.084137039269288	6.79815124352777E-5
2.087471661061941	5.750445449297737E-5
2.090806282854594	5.272380049925712E-5
2.0941409046472472	4.904120050056641E-5
2.0974755264399003	4.5858035715252886E-5
2.1008101482325534	4.378968208046031E-5
2.1041447700252065	4.376152224475599E-5
2.1074793918178596	4.4721434706843995E-5
2.1108140136105127	4.540032700389284E-5
2.1141486354031658	4.522294183020771E-5
2.117483257195819	4.52755157518349E-5
2.120817878988472	4.62698859125698E-5
2.124152500781125	4.789788598436522E-5
2.127487122573778	5.0061341704744795E-5
2.1308217443664312	5.204397517565799E-5
2.1341563661590843	5.575699237331976E-5
2.1374909879517374	5.8390672115690775E-5
2.1408256097443905	5.9077706257082646E-5
2.1441602315370436	6.0880389034907994E-5
2.1474948533296967	5.682851295418051E-5
2.15082947512235	5.408884839435871E-5
2.154164096915003	5.553926726540883E-5
2.157498718707656	5.810829875813833E-5
2.160833340500309	6.001183028543003E-5
2.164167962292962	6.264950144511761E-5
2.1675025840856152	5.391970982182327E-5
2.1708372058782683	4.4550879806553815E-5
2.1741718276709214	4.344556556571649E-5
2.1775064494635745	4.381362658415291E-5
2.1808410712562276	4.47138214705214E-5
2.1841756930488807	4.574041640972809E-5
2.187510314841534	4.6286239346260365E-5
2.190844936634187	4.6745121150261265E-5
2.19417955842684	4.7330896976790684E-5
2.197514180219493	4.841766417245159E-5
2.200848802012146	4.9713170315568286E-5
2.2041834238047993	5.144726610915755E-5
2.2075180455974523	5.3627211446268006E-5
2.2108526673901054	5.59535727555949E-5
2.2141872891827585	5.8265600757306944E-5
2.2175219109754116	6.034390085864662E-5
2.2208565327680647	6.231610960688057E-5
2.224191154560718	6.434465295212425E-5
2.227525776353371	6.65190285147149E-5
2.230860398146024	6.890915301333299E-5
2.234195019938677	7.131917891767634E-5
2.23752964173133	7.422328556661809E-5
2.2408642635239833	7.688911122046207E-5
2.2441988853166364	7.959371246272698E-5
2.2475335071092895	8.254975421304789E-5
2.2508681289019425	8.558579662272944E-5
2.2542027506945956	8.733288706601981E-5
2.2575373724872487	8.965431040106177E-5
2.260871994279902	9.163642195860041E-5
2.264206616072555	8.605544788270343E-5
2.267541237865208	8.08095966964377E-5
2.270875859657861	7.66305900314699E-5
2.274210481450514	7.586722021212117E-5
2.2775451032431673	7.707035553349496E-5
2.2808797250358204	8.045678516029734E-5
2.2842143468284735	7.964816111173941E-5
2.2875489686211266	7.353019995133653E-5
2.2908835904137796	6.758291900906036E-5
2.2942182122064327	6.41300064239521E-5
2.297552833999086	6.36070432267249E-5
2.300887455791739	6.440747198792328E-5
2.304222077584392	6.603188229520286E-5
2.307556699377045	6.796124493552585E-5
2.310891321169698	6.920542522827155E-5
2.3142259429623513	6.726396526162472E-5
2.3175605647550044	6.588944961099972E-5
2.3208951865476575	6.614067450134037E-5
2.3242298083403106	6.864144115281654E-5
2.3275644301329637	6.969332549702572E-5
2.3308990519256167	6.908342522117151E-5
2.33423367371827	6.732340460028973E-5
2.337568295510923	6.550648140061504E-5
2.340902917303576	6.498756646924042E-5
2.344237539096229	6.494498814205526E-5
2.347572160888882	6.632650044145809E-5
2.3509067826815353	6.083691045649599E-5
2.3542414044741884	5.371461364756988E-5
2.3575760262668415	4.820309011371106E-5
2.3609106480594946	4.456877892109866E-5
2.3642452698521477	4.1706569342728335E-5
2.3675798916448008	4.024835185016406E-5
2.370914513437454	4.05359458287493E-5
2.374249135230107	4.152171201353586E-5
2.37758375702276	4.2569922719748E-5
2.380918378815413	4.4256837718161025E-5
2.384253000608066	3.752339774108712E-5
2.3875876224007193	3.319964704202788E-5
2.3909222441933724	3.0766795749283974E-5
2.3942568659860255	2.967867101519648E-5
2.3975914877786786	2.9507924770729937E-5
2.4009261095713317	2.9769541158825327E-5
2.4042607313639848	3.066387421152776E-5
2.407595353156638	3.0649476897064107E-5
2.410929974949291	3.0329591188371387E-5
2.414264596741944	3.052418436658846E-5
2.417599218534597	3.111653186868936E-5
2.4209338403272502	3.2044984466145214E-5
2.4242684621199033	3.3139026257415136E-5
2.4276030839125564	3.396368520718889E-5
2.4309377057052095	3.512691501882746E-5
2.4342723274978626	3.618887429393672E-5
2.4376069492905157	3.728184053100999E-5
2.440941571083169	3.830447918495622E-5
2.444276192875822	3.956115192151137E-5
2.447610814668475	4.1004489922418365E-5
2.450945436461128	4.2665652909805626E-5
2.454280058253781	4.4402313325939216E-5
2.4576146800464342	4.5974950740557215E-5
2.4609493018390873	4.739366666062882E-5
2.4642839236317404	4.877259208438164E-5
2.4676185454243935	5.0305274258350887E-5
2.4709531672170466	5.2029918582637024E-5
2.4742877890096997	5.395713268657638E-5
2.477622410802353	5.603572611110523E-5
2.480957032595006	5.8107386401211786E-5
2.484291654387659	6.011505008836551E-5
2.487626276180312	6.210162143142788E-5
2.490960897972965	6.416225754985945E-5
2.4942955197656183	6.63788223294662E-5
2.4976301415582713	6.878455632892852E-5
2.5009647633509244	7.135034559511802E-5
2.5042993851435775	7.401499682804455E-5
2.5076340069362306	7.671674007602182E-5
2.5109686287288837	7.885778121882457E-5
2.514303250521537	8.091189209587338E-5
2.51763787231419	8.399026202800288E-5
2.520972494106843	8.642490305672221E-5
2.524307115899496	8.97162748151314E-5
2.527641737692149	9.157272555915198E-5
2.5309763594848023	9.191617726409566E-5
2.5343109812774554	9.313372879398801E-5
2.5376456030701084	9.543369859240344E-5
2.5409802248627615	9.833521251009016E-5
2.5443148466554146	1.02271353845078E-4
2.5476494684480677	1.0597046607840874E-4
2.550984090240721	1.0962174017200798E-4
2.554318712033374	1.1345485906421624E-4
2.557653333826027	1.1705693109985984E-4
2.56098795561868	1.1791712028431394E-4
2.564322577411333	1.1599559047431222E-4
2.5676571992039863	1.1296891237344012E-4
2.5709918209966394	1.1114506232319704E-4
2.5743264427892925	1.1302053892439837E-4
2.5776610645819455	1.1573436980292769E-4
2.5809956863745986	1.1916824702012644E-4
2.5843303081672517	1.1921146693951862E-4
2.587664929959905	1.0913289877729486E-4
2.590999551752558	9.890219141177687E-5
2.594334173545211	9.103666421225139E-5
2.597668795337864	8.454741854701362E-5
2.601003417130517	7.793757586113038E-5
2.6043380389231703	7.392509469336027E-5
2.6076726607158234	6.873395480601361E-5
2.6110072825084765	6.595180458799075E-5
2.6143419043011296	6.298950183647177E-5
2.6176765260937827	5.9750965792832836E-5
2.6210111478864357	5.895813712791396E-5
2.624345769679089	5.899586634069373E-5
2.627680391471742	5.7404506182926725E-5
2.631015013264395	5.635567132367394E-5
2.634349635057048	5.504652870502453E-5
2.637684256849701	5.524327400635393E-5
2.6410188786423543	5.6086780142067854E-5
2.6443535004350074	5.662483283351296E-5
2.6476881222276605	5.298544071955155E-5
2.6510227440203136	5.2184411074475085E-5
2.6543573658129667	5.0242637829055595E-5
2.6576919876056198	4.8390220587508975E-5
2.661026609398273	4.8716029304215466E-5
2.664361231190926	4.9191953148680944E-5
2.667695852983579	5.154005482617249E-5
2.671030474776232	4.511272644558891E-5
2.674365096568885	4.348372777770942E-5
2.6776997183615383	4.016405494613312E-5
2.6810343401541914	3.921257778004678E-5
2.6843689619468445	3.912730289583452E-5
2.6877035837394976	3.7889195634433054E-5
2.6910382055321507	3.717926968501967E-5
2.6943728273248038	3.7574217656590644E-5
2.697707449117457	3.868948615203414E-5
2.70104207091011	3.9257556428777105E-5
2.704376692702763	3.7742753994534464E-5
2.707711314495416	3.666781209405215E-5
2.7110459362880692	3.6659470041880346E-5
2.7143805580807223	3.769326500131216E-5
2.7177151798733754	3.9125309697740376E-5
2.7210498016660285	4.023057359142877E-5
2.7243844234586816	4.142917145142285E-5
2.7277190452513347	4.228944347693719E-5
2.7310536670439878	4.283428577920848E-5
2.734388288836641	4.3389159554520286E-5
2.737722910629294	4.438285584814846E-5
2.741057532421947	4.559958766729211E-5
2.7443921542146	4.711060119637091E-5
2.7477267760072532	4.885356725359809E-5
2.7510613977999063	5.061092155532711E-5
2.7543960195925594	5.217201468355458E-5
2.7577306413852125	5.374323001245479E-5
2.7610652631778656	5.5528657830485655E-5
2.7643998849705187	5.7499098803313614E-5
2.767734506763172	5.048371266809761E-5
2.771069128555825	4.818838662901072E-5
2.774403750348478	4.7139790087456746E-5
2.777738372141131	4.662860218942552E-5
2.781072993933784	4.687677791845563E-5
2.7844076157264372	4.810264296204681E-5
2.7877422375190903	4.983853795757348E-5
2.7910768593117434	5.183868462009281E-5
2.7944114811043965	5.398679051097066E-5
2.7977461028970496	5.5171586069452684E-5
2.8010807246897027	5.256542535217417E-5
2.804415346482356	5.5806102737257104E-5
2.807749968275009	5.825010870663245E-5
2.811084590067662	5.822948473928295E-5
2.814419211860315	5.813569546544179E-5
2.817753833652968	5.739096452483613E-5
2.8210884554456213	5.649253001155062E-5
2.8244230772382743	5.801608464884443E-5
2.8277576990309274	6.031555839914954E-5
2.8310923208235805	6.22689558426493E-5
2.8344269426162336	6.433665961757702E-5
2.8377615644088867	6.660642211301688E-5
2.84109618620154	6.900548595143153E-5
2.844430807994193	7.130489952592286E-5
2.847765429786846	7.35963384236112E-5
2.851100051579499	7.592517642672859E-5
2.854434673372152	7.82408326650636E-5
2.8577692951648053	8.063728186220538E-5
2.8611039169574584	8.323002957089318E-5
2.8644385387501115	8.607542427779671E-5
2.8677731605427645	8.923668676990096E-5
2.8711077823354176	9.263494444375116E-5
2.8744424041280707	9.604940167011336E-5
2.877777025920724	9.80509753007046E-5
2.881111647713377	9.894458754487443E-5
2.88444626950603	1.008500341988546E-4
2.887780891298683	1.0375343937106947E-4
2.891115513091336	1.0634268994211087E-4
2.8944501348839893	1.092061518363415E-4
2.8977847566766424	1.0799355295792701E-4
2.9011193784692955	1.0843306127948235E-4
2.9044540002619486	1.1109691118621916E-4
2.9077886220546016	1.156742614219499E-4
2.9111232438472547	1.209687136886534E-4
2.914457865639908	1.2684704628918353E-4
2.917792487432561	1.3329224889293875E-4
2.921127109225214	1.3460954018582448E-4
2.924461731017867	1.0414301547130712E-4
2.92779635281052	9.799543234405124E-5
2.9311309746031733	9.10169153019144E-5
2.9344655963958264	8.402126019267601E-5
2.9378002181884795	6.58154941369277E-5
2.9411348399811326	6.231490951428512E-5
2.9444694617737857	6.002324877411987E-5
2.9478040835664387	5.695389299751106E-5
2.951138705359092	5.540757953473413E-5
2.954473327151745	5.65005122224277E-5
2.957807948944398	5.61879820346464E-5
2.961142570737051	5.936153297134361E-5
2.964477192529704	6.377122850961016E-5
2.9678118143223573	6.700335053157138E-5
2.9711464361150104	6.812040903340587E-5
2.9744810579076635	6.944210445182496E-5
2.9778156797003166	7.030162241403514E-5
2.9811503014929697	7.191679170287082E-5
2.9844849232856228	7.575399720759347E-5
2.987819545078276	7.963026063232363E-5
2.991154166870929	8.148277768065172E-5
2.994488788663582	8.242308762935773E-5
2.997823410456235	8.34736244377343E-5
3.001158032248888	8.537449353728819E-5
3.0044926540415413	8.862498094934554E-5
3.0078272758341944	9.219213393738663E-5
3.0111618976268475	9.577306146947695E-5
3.0144965194195006	9.905360965942429E-5
3.0178311412121537	1.0212900478797989E-4
3.0211657630048068	1.0538182728444883E-4
3.02450038479746	1.0793349993910586E-4
3.027835006590113	1.1200268487523208E-4
3.031169628382766	1.1586748883205687E-4
3.034504250175419	1.2044236123360932E-4
3.0378388719680722	1.2534365267740478E-4
3.0411734937607253	1.2988615910674003E-4
3.0445081155533784	1.3467950371716196E-4
3.0478427373460315	1.398067597490326E-4
3.0511773591386846	1.4139929442959107E-4
3.0545119809313377	1.3612846745646452E-4
3.057846602723991	1.3315121998849267E-4
3.061181224516644	1.2776923491246043E-4
3.064515846309297	1.2523173230757128E-4
3.06785046810195	1.2701725718154418E-4
3.071185089894603	1.2693251990306335E-4
3.0745197116872562	1.28957841946753E-4
3.0778543334799093	1.3167472021400112E-4
3.0811889552725624	1.3461079588264767E-4
3.0845235770652155	1.391170488834039E-4
3.0878581988578686	1.4540736123988519E-4
3.0911928206505217	1.2370707293420414E-4
3.094527442443175	1.1777231521637822E-4
3.097862064235828	7.925421589821525E-5
3.101196686028481	5.2526229397232816E-5
3.104531307821134	4.03049457291044E-5
3.107865929613787	3.829759951964545E-5
3.1112005514064403	3.664244878704753E-5
3.1145351731990933	3.3355712672793014E-5
3.1178697949917464	3.549200268198342E-5
3.1212044167843995	4.058654908436566E-5
3.1245390385770526	3.996622151127032E-5
3.1278736603697057	3.378649245335924E-5
3.131208282162359	3.0777171704533255E-5
3.134542903955012	3.1706818398104505E-5
3.137877525747665	3.2287474066718855E-5
3.141212147540318	3.251382843290911E-5
3.144546769332971	3.491437247324895E-5
3.1478813911256243	3.79300812880834E-5
3.1512160129182774	3.846718994512219E-5
3.1545506347109304	3.664983772200485E-5
3.1578852565035835	3.404099961163623E-5
3.1612198782962366	3.3804864844611463E-5
3.1645545000888897	3.427093555884257E-5
3.167889121881543	3.455682326552985E-5
3.171223743674196	3.404632526757219E-5
3.174558365466849	3.2173334858175414E-5
3.177892987259502	3.2051125819305334E-5
3.181227609052155	3.555340408817416E-5
3.1845622308448083	3.6864450217759806E-5
3.1878968526374614	3.8098584083549207E-5
3.1912314744301145	3.8931817967764306E-5
3.1945660962227675	4.005494316972936E-5
3.1979007180154206	4.085021086002534E-5
3.2012353398080737	4.177861532597713E-5
3.204569961600727	4.2688652543648025E-5
3.20790458339338	4.325571663047055E-5
3.211239205186033	4.29503836062784E-5
3.214573826978686	4.1536622452512456E-5
3.217908448771339	4.1982020464502806E-5
3.2212430705639923	4.3396469963856726E-5
3.2245776923566454	4.428095739640444E-5
3.2279123141492985	4.5555773037174976E-5
3.2312469359419516	4.49258014560177E-5
3.2345815577346047	3.893707436169196E-5
3.2379161795272577	3.8015491809566014E-5
3.241250801319911	3.867415684977705E-5
3.244585423112564	4.017009983267218E-5
3.247920044905217	4.179319327361943E-5
3.25125466669787	4.3477268487332624E-5
3.254589288490523	4.40750634705043E-5
3.2579239102831763	4.2392525218378564E-5
3.2612585320758294	4.068084834092621E-5
3.2645931538684825	3.940378034745181E-5
3.2679277756611356	3.9614223381456165E-5
3.2712623974537887	3.985797352128728E-5
3.2745970192464418	3.644684733899026E-5
3.277931641039095	3.5616188997986965E-5
3.281266262831748	3.404086244244179E-5
3.284600884624401	3.351863241416818E-5
3.287935506417054	3.391673100304955E-5
3.291270128209707	3.402498423166627E-5
3.2946047500023603	3.399169210122897E-5
3.2979393717950134	3.47060739589779E-5
3.3012739935876665	3.5813439382304755E-5
3.3046086153803196	3.69937563187459E-5
3.3079432371729727	2.1673961764750123E-5
3.3112778589656258	1.8153602442980532E-5
3.314612480758279	1.78438808414461E-5
3.317947102550932	1.7113959832802127E-5
3.321281724343585	1.630831902777704E-5
3.324616346136238	1.4123865217704323E-5
3.3279509679288912	1.3470833379954384E-5
3.3312855897215443	1.292748140266523E-5
3.3346202115141974	1.2458550429857997E-5
3.3379548333068505	1.2136511085815439E-5
3.3412894550995036	1.1980158640854502E-5
3.3446240768921567	1.2140970673992093E-5
3.3479586986848098	1.242313100844655E-5
3.351293320477463	1.2815182098221149E-5
3.354627942270116	1.3315143109331825E-5
3.357962564062769	1.2946956390300513E-5
3.361297185855422	1.2533910647981708E-5
3.3646318076480752	1.2447921428680887E-5
3.3679664294407283	1.2540367908849313E-5
3.3713010512333814	1.2738111463452342E-5
3.3746356730260345	1.2791258572265902E-5
3.3779702948186876	1.2655690183873676E-5
3.3813049166113407	1.2693379565836784E-5
3.384639538403994	1.2251955282349535E-5
3.387974160196647	1.1888829624472502E-5
3.3913087819893	1.1591864623746704E-5
3.394643403781953	1.1561739654468934E-5
3.397978025574606	1.1475045565242547E-5
3.4013126473672592	1.150686980022889E-5
3.4046472691599123	1.1661043668090468E-5
3.4079818909525654	1.175282510794727E-5
3.4113165127452185	1.18326490687006E-5
3.4146511345378716	1.1956604376895178E-5
3.4179857563305247	1.2188055199164242E-5
3.421320378123178	1.2554780942395026E-5
3.424654999915831	1.296122090058603E-5
3.427989621708484	1.3320265126059361E-5
3.431324243501137	1.3751925913762392E-5
3.43465886529379	1.4032776221920645E-5
3.4379934870864433	1.4336487404722461E-5
3.4413281088790963	1.4781794606199407E-5
3.4446627306717494	1.5390129644628945E-5
3.4479973524644025	1.5869753450317775E-5
3.4513319742570556	1.6411444986266902E-5
3.4546665960497087	1.1604960114337703E-5
3.458001217842362	9.920907317723252E-6
3.461335839635015	8.72071944225329E-6
3.464670461427668	8.015205628084296E-6
3.468005083220321	7.597119188590097E-6
3.471339705012974	7.502205876086732E-6
3.4746743268056273	7.706283227242034E-6
3.4780089485982804	8.080090286757927E-6
3.4813435703909335	8.412299082848573E-6
3.4846781921835865	8.73537704295835E-6
3.4880128139762396	9.187828372717074E-6
3.4913474357688927	9.610669877293226E-6
3.494682057561546	1.0058407067785549E-5
3.498016679354199	1.0484893378604797E-5
3.501351301146852	1.083615619471012E-5
3.504685922939505	1.1141762324443528E-5
3.508020544732158	1.1384514865070217E-5
3.5113551665248113	1.1622240418843703E-5
3.5146897883174644	1.1924502985566263E-5
3.5180244101101175	1.2294718330944966E-5
3.5213590319027706	1.268650115176288E-5
3.5246936536954236	1.3064706446551354E-5
3.5280282754880767	1.345156582163813E-5
3.53136289728073	1.3761264230350593E-5
3.534697519073383	1.3263986306741991E-5
3.538032140866036	1.316849312662487E-5
3.541366762658689	1.3578136920327692E-5
3.544701384451342	1.4533675884006841E-5
3.5480360062439953	1.518753068903081E-5
3.5513706280366484	1.5881110567397376E-5
3.5547052498293015	1.6580285103572316E-5
3.5580398716219546	1.6267109667809978E-5
3.5613744934146077	1.550854082886818E-5
3.5647091152072607	1.4574568440383307E-5
3.568043736999914	1.3594868248791786E-5
3.571378358792567	1.3066432688440209E-5
3.57471298058522	1.2785335005225795E-5
3.578047602377873	1.2880663422255203E-5
3.581382224170526	1.2994330686485244E-5
3.5847168459631793	1.3022073936878316E-5
3.5880514677558324	1.2915377088170013E-5
3.5913860895484855	1.2944579846477664E-5
3.5947207113411386	1.3087354944985476E-5
3.5980553331337917	1.3354835164278376E-5
3.6013899549264448	1.3741105229840122E-5
3.604724576719098	1.4187768704171805E-5
3.608059198511751	1.4631157873043366E-5
3.611393820304404	1.5025895272210066E-5
3.614728442097057	1.542651221356586E-5
3.61806306388971	1.5822669964934206E-5
3.6213976856823633	1.62904439109831E-5
3.6247323074750164	1.6068944108022893E-5
3.6280669292676695	1.6015751654234736E-5
3.6314015510603226	1.633291571613595E-5
3.6347361728529757	1.664553240494817E-5
3.6380707946456288	1.698116193883597E-5
3.641405416438282	1.750623464715815E-5
3.644740038230935	1.8148383485893197E-5
3.648074660023588	1.8845510936066175E-5
3.651409281816241	1.9532709830983236E-5
3.6547439036088942	2.023083074673099E-5
3.6580785254015473	2.090018706045746E-5
3.6614131471942004	2.1564334345064623E-5
3.6647477689868535	2.225536900596091E-5
3.6680823907795066	2.300064323324761E-5
3.6714170125721597	2.3781228721836743E-5
3.674751634364813	2.457153655687149E-5
3.678086256157466	2.5361020947529135E-5
3.681420877950119	2.614794931566821E-5
3.684755499742772	2.694137201261693E-5
3.688090121535425	2.7757214579379776E-5
3.6914247433280782	2.8610308745457262E-5
3.6947593651207313	2.950745718349726E-5
3.6980939869133844	3.044276834699165E-5
3.7014286087060375	3.140424158361181E-5
3.7047632304986906	3.238210428693855E-5
3.7080978522913437	3.337947320389616E-5
3.711432474083997	3.440742114862603E-5
3.71476709587665	3.547889807042074E-5
3.718101717669303	3.6600911479314214E-5
3.721436339461956	3.777198766808502E-5
3.724770961254609	3.898417401775044E-5
3.7281055830472623	4.022953283036697E-5
3.7314402048399153	4.1506813598190174E-5
3.7347748266325684	4.2822441381612626E-5
3.7381094484252215	4.418657002043733E-5
3.7414440702178746	4.389232161988314E-5
3.7447786920105277	3.521631566538082E-5
3.748113313803181	2.9309965318803316E-5
3.751447935595834	2.5657209690368864E-5
3.754782557388487	2.346220479398866E-5
3.75811717918114	2.0795579743680962E-5
3.761451800973793	1.7656127313836606E-5
3.7647864227664463	1.5895695017025736E-5
3.7681210445590994	1.5025390590581194E-5
3.7714556663517524	1.4579242543004268E-5
3.7747902881444055	1.4299286043140391E-5
3.7781249099370586	1.4213579046977494E-5
3.7814595317297117	1.4260606116366916E-5
3.784794153522365	1.4444426545661897E-5
3.788128775315018	1.465446225211155E-5
3.791463397107671	1.4865401712490416E-5
3.794798018900324	1.506028508227416E-5
3.798132640692977	1.5303080678409333E-5
3.8014672624856303	1.5635107761990637E-5
3.8048018842782834	1.6035738044132433E-5
3.8081365060709365	1.6485274658894714E-5
3.8114711278635895	1.697314904324246E-5
3.8148057496562426	1.746774726910303E-5
3.8181403714488957	1.7904150821951953E-5
3.821474993241549	1.5109895792058014E-5
3.824809615034202	1.2545397995191656E-5
3.828144236826855	1.0736095883230917E-5
3.831478858619508	9.709430534561915E-6
3.834813480412161	9.252488074695077E-6
3.8381481022048143	9.226420545176685E-6
3.8414827239974674	9.479937909478859E-6
3.8448173457901205	9.882909726085692E-6
3.8481519675827736	1.0348131872813689E-5
3.8514865893754267	1.0881239427551009E-5
3.8548212111680797	1.087609653529165E-5
3.858155832960733	1.0813344057206961E-5
3.861490454753386	1.0904067384619707E-5
3.864825076546039	1.1167457982503041E-5
3.868159698338692	1.1522689146190049E-5
3.871494320131345	1.1955236018277054E-5
3.8748289419239983	1.2372541040764071E-5
3.8781635637166514	1.291001107177013E-5
3.8814981855093045	1.3451913785403289E-5
3.8848328073019576	1.3897417079928155E-5
3.8881674290946107	1.4362136573581334E-5
3.8915020508872638	1.487300556158537E-5
3.894836672679917	1.5432854541931768E-5
3.89817129447257	1.591888553329579E-5
3.901505916265223	1.6543655786924896E-5
3.904840538057876	1.7294033523932498E-5
3.908175159850529	1.7950912100965586E-5
3.9115097816431823	1.8627625087804156E-5
3.9148444034358354	1.934728286121176E-5
3.9181790252284885	2.0141983107509414E-5
3.9215136470211416	2.0951420846307252E-5
3.9248482688137947	2.178394355861652E-5
3.9281828906064478	2.265225330405506E-5
3.931517512399101	2.3559912122764765E-5
3.934852134191754	2.446263786114279E-5
3.938186755984407	2.284191604483246E-5
3.94152137777706	1.9172212203231622E-5
3.9448559995697132	1.768944980816039E-5
3.9481906213623663	1.6860201298478162E-5
3.9515252431550194	1.6601406761699297E-5
3.9548598649476725	1.6335326333025542E-5
3.9581944867403256	1.627694188596028E-5
3.9615291085329787	1.63073465034293E-5
3.9648637303256318	1.6352989921318825E-5
3.968198352118285	1.6464579147878716E-5
3.971532973910938	1.6717542582812494E-5
3.974867595703591	1.7046749807431116E-5
3.978202217496244	1.7427310348540897E-5
3.9815368392888972	1.7837683412062878E-5
3.9848714610815503	1.775193683938629E-5
3.9882060828742034	1.5565735566367165E-5
3.9915407046668565	1.567487084759171E-5
3.9948753264595096	1.576354598186157E-5
3.9982099482521627	1.4963080439809743E-5
4.001544570044382	1.4238460333232382E-5
4.004879191836099	1.3665249003955942E-5
4.008213813627815	1.3138491226179584E-5
4.011548435419532	1.2815013865977934E-5
4.014883057211248	1.2711711583228574E-5
4.018217679002965	1.2595455423270004E-5
4.021552300794681	1.2491373649579946E-5
4.024886922586398	1.242782305794475E-5
4.028221544378114	1.24265788259938E-5
4.031556166169831	1.2466375361110359E-5
4.034890787961547	1.251638583701447E-5
4.038225409753264	1.258181598532093E-5
4.0415600315449804	1.2681733102425212E-5
4.044894653336697	1.2824075208645194E-5
4.0482292751284135	1.300794859971282E-5
4.05156389692013	1.3227889657929529E-5
4.0548985187118465	1.3471194729431492E-5
4.058233140503563	1.3729769711899612E-5
4.0615677622952795	1.399919622972383E-5
4.064902384086996	1.427942521315995E-5
4.0682370058787125	1.4577618313299976E-5
4.071571627670429	1.4900519295821262E-5
4.0749062494621455	1.4675640103460975E-5
4.078240871253862	1.3913096562519716E-5
4.0815754930455785	1.3146575843106672E-5
4.084910114837295	1.2509261413068465E-5
4.0882447366290116	1.2172150000849696E-5
4.091579358420728	1.2053629324662715E-5
4.094913980212445	1.2077543827075384E-5
4.098248602004161	1.2202527490155343E-5
4.101583223795878	1.2496972315144933E-5
4.104917845587594	1.2113827050416883E-5
4.108252467379311	1.2293899562434776E-5
4.111587089171027	1.2814743229596641E-5
4.114921710962744	1.3224123381240577E-5
4.11825633275446	1.3139933226627363E-5
4.121590954546177	1.3197834367269651E-5
4.124925576337893	1.3537435473164365E-5
4.12826019812961	1.358362118364232E-5
4.131594819921326	1.3625835353658219E-5
4.134929441713043	1.3758452247306252E-5
4.138264063504759	1.396742641384871E-5
4.141598685296476	1.4112624682149294E-5
4.144933307088192	1.4292866091076732E-5
4.148267928879909	1.0696116104274275E-5
4.151602550671625	9.473897413492819E-6
4.154937172463342	9.557034132316224E-6
4.158271794255058	9.654885236415896E-6
4.161606416046775	9.99417615175521E-6
4.164941037838491	1.0260931083575992E-5
4.168275659630208	1.0468300740548357E-5
4.171610281421924	1.0694654889626655E-5
4.174944903213641	1.1050730704530035E-5
4.178279525005357	1.1376328470065122E-5
4.181614146797074	1.1748885766004635E-5
4.18494876858879	1.2204920694730123E-5
4.188283390380507	1.2716793801604264E-5
4.191618012172223	1.3302179247592135E-5
4.19495263396394	1.3936528048283393E-5
4.198287255755656	1.4629502569598966E-5
4.201621877547373	1.545947420088001E-5
4.204956499339089	1.648022003735254E-5
4.208291121130806	1.7766481100685073E-5
4.211625742922522	1.945361116193644E-5
4.214960364714239	2.177707573152498E-5
4.218294986505955	2.5264705695717402E-5
4.221629608297672	3.1248992900371266E-5
4.224964230089388	3.0126165234743273E-5
4.228298851881105	1.2299475181853305E-5
4.231633473672821	1.4054375967559505E-5
4.234968095464538	2.1865021493015424E-5
4.238302717256254	1.4411780555151194E-5
4.241637339047971	1.424905144841043E-5
4.244971960839687	1.7888978111525116E-5
4.248306582631404	1.285596624851641E-5
4.25164120442312	1.1331441390810999E-5
4.254975826214837	6.531879864701838E-6
4.2583104480065535	6.103479528452271E-6
4.26164506979827	5.323191982513204E-6
4.2649796915899865	5.462005245424478E-6
4.268314313381703	4.858134612315602E-6
4.2716489351734195	5.300681327110903E-6
4.274983556965136	4.368323180527311E-6
4.2783181787568525	5.049259030010298E-6
4.281652800548569	4.479633793351912E-6
4.2849874223402855	4.643335732888097E-6
4.288322044132002	5.379836638850606E-6
4.2916566659237185	4.655674783957243E-6
4.294991287715435	5.561440612669054E-6
4.2983259095071515	5.021927183121011E-6
4.301660531298868	5.000903697604246E-6
4.304995153090585	5.577076448577202E-6
4.308329774882301	5.675203830978885E-6
4.311664396674018	6.350009606449609E-6
4.314999018465734	5.609563530614438E-6
4.318333640257451	5.455479241849925E-6
4.321668262049167	5.888891509514602E-6
4.325002883840884	6.8304296866539494E-6
4.3283375056326	6.5532027819169725E-6
4.331672127424317	6.484821081467183E-6
4.335006749216033	6.203017134335794E-6
4.33834137100775	6.503907806343931E-6
4.341675992799466	7.390893842902475E-6
4.345010614591183	6.773462615459271E-6
4.348345236382899	7.702908314680264E-6
4.351679858174616	7.291147029563279E-6
4.355014479966332	7.4596816496036894E-6
4.358349101758049	8.210108293590969E-6
4.361683723549765	8.195277924485668E-6
4.365018345341482	9.047764812257427E-6
4.368352967133198	8.47060973441276E-6
4.371687588924915	8.485467817048626E-6
4.375022210716631	9.068758698229537E-6
4.378356832508348	1.009449270101367E-5
4.381691454300064	1.010589724711566E-5
4.385026076091781	1.0012886028778356E-5
4.388360697883497	9.894389173616585E-6
4.391695319675214	1.035928120069888E-5
4.39502994146693	1.1414067619602239E-5
4.398364563258647	1.0921374009150398E-5
4.401699185050363	1.1874233206990288E-5
4.40503380684208	1.1574265262304062E-5
4.408368428633796	8.184826247289281E-6
4.411703050425513	5.0778529575400416E-6
4.415037672217229	3.885730864728947E-6
4.418372294008946	4.696970078677549E-6
4.421706915800662	3.746852984295376E-6
4.425041537592379	3.6742978036833543E-6
4.428376159384095	4.117509124490206E-6
4.431710781175812	4.77452508158114E-6
4.435045402967528	4.617164741009915E-6
4.438380024759245	4.104616996418907E-6
4.441714646550961	3.2053892097997384E-6
4.445049268342678	2.9746318743692086E-6
4.448383890134394	3.4881116608135146E-6
4.451718511926111	2.484623058118943E-6
4.455053133717827	3.2801488587816354E-6
4.458387755509544	2.7332161642628124E-6
4.46172237730126	2.5336201633502233E-6
4.465056999092977	2.5428075748681895E-6
4.468391620884693	2.7158462171596904E-6
4.47172624267641	2.3274617718760308E-6
4.4750608644681265	2.488296619395086E-6
4.478395486259843	2.4953543817724693E-6
4.4817301080515595	2.470980736919327E-6
4.485064729843276	2.4059193747359563E-6
4.4883993516349925	2.374122198918712E-6
4.491733973426709	2.4117250575212927E-6
4.4950685952184255	2.412185495401302E-6
4.498403217010142	2.418809897619787E-6
4.5017378388018585	2.439183621132341E-6
4.505072460593575	2.4588629775953724E-6
4.5084070823852915	2.4882636987537596E-6
4.511741704177008	2.529356075299509E-6
4.5150763259687245	2.5784341157620962E-6
4.518410947760441	2.634074960148126E-6
4.521745569552158	2.6949862772006936E-6
4.525080191343874	2.757945454532521E-6
4.528414813135591	2.822798382766052E-6
4.531749434927307	2.8890843155603313E-6
4.535084056719024	2.958079338850371E-6
4.53841867851074	3.0328563631141983E-6
4.541753300302457	3.114506057192301E-6
4.545087922094173	3.202499319177651E-6
4.54842254388589	3.2956433284106554E-6
4.551757165677606	3.366261939266122E-6
4.555091787469323	3.4596347223188154E-6
4.558426409261039	3.561415299337676E-6
4.561761031052756	3.5956868565736144E-6
4.565095652844472	3.6693473831689634E-6
4.568430274636189	3.7608941822665623E-6
4.571764896427905	3.873652742832809E-6
4.575099518219622	3.9988336247765985E-6
4.578434140011338	4.132138347114272E-6
4.581768761803055	4.258673179651732E-6
4.585103383594771	4.389123930106577E-6
4.588438005386488	4.521340117506489E-6
4.591772627178204	4.6585250907976625E-6
4.595107248969921	4.800670072999428E-6
4.598441870761637	4.946338250004823E-6
4.601776492553354	5.096452153380101E-6
4.60511111434507	5.2529876537414405E-6
4.608445736136787	5.4149070278981164E-6
4.611780357928503	5.583259941932558E-6
4.61511497972022	5.758283561570318E-6
4.618449601511936	5.9396569020357175E-6
4.621784223303653	6.1279583535063136E-6
4.625118845095369	6.323382843263023E-6
4.628453466887086	6.5257392633558655E-6
4.631788088678802	6.734675104944652E-6
4.635122710470519	6.950755416190562E-6
4.638457332262235	7.173809686766356E-6
4.641791954053952	7.404053037177051E-6
4.645126575845668	7.64207233596807E-6
4.648461197637385	7.888350699989226E-6
4.651795819429101	8.143212335327687E-6
4.655130441220818	8.406849414105116E-6
4.658465063012534	8.679185346772175E-6
4.661799684804251	8.959840209788856E-6
4.665134306595967	9.24924211194591E-6
4.668468928387684	9.548282365560986E-6
4.6718035501794	9.85768525038121E-6
4.675138171971117	1.0167119492669453E-5
4.678472793762833	1.0428188163581688E-5
4.68180741555455	1.0705782015046062E-5
4.685142037346266	1.1028111622282984E-5
4.688476659137983	1.1400184540877538E-5
4.6918112809296995	1.1788818124753857E-5
4.695145902721416	1.1175676349315577E-5
4.6984805245131325	1.0209910119292816E-5
4.701815146304849	1.00310989649326E-5
4.7051497680965655	9.815351883341206E-6
4.708484389888282	9.92468758498584E-6
4.7118190116799985	1.020388977865992E-5
4.715153633471715	1.05477030075574E-5
4.7184882552634315	1.0975543297793707E-5
4.721822877055148	1.137865264884463E-5
4.7251574988468645	1.1773404028744816E-5
4.728492120638581	1.1970754221919883E-5
4.7318267424302975	1.2054237588842197E-5
4.735161364222014	1.2160921132701984E-5
4.738495986013731	1.2332833847569138E-5
4.741830607805447	1.2583413756262043E-5
4.745165229597164	1.2892760208970126E-5
4.74849985138888	1.3239851572525903E-5
4.751834473180597	1.3576550651911992E-5
4.755169094972313	1.3922418486371104E-5
4.75850371676403	1.2454038768962629E-5
4.761838338555746	1.2076283664053866E-5
4.765172960347463	1.2216836402829154E-5
4.768507582139179	1.1958779360708588E-5
4.771842203930896	1.2391500845925267E-5
4.775176825722612	1.2792719065205353E-5
4.778511447514329	1.237461915092481E-5
4.781846069306045	1.2185784724362938E-5
4.785180691097762	1.2745582371781281E-5
4.788515312889478	1.3217371535424644E-5
4.791849934681195	1.348415518918885E-5
4.795184556472911	1.3577408244367836E-5
4.798519178264628	1.353643570929402E-5
4.801853800056344	1.3592393451715391E-5
4.805188421848061	1.3765963418474444E-5
4.808523043639777	1.4101742905313152E-5
4.811857665431494	1.4392282483533202E-5
4.81519228722321	1.4743729788145015E-5
4.818526909014927	1.5154554005446311E-5
4.821861530806643	1.5535805143638666E-5
4.82519615259836	1.5967383683300424E-5
4.828530774390076	1.6364020448255635E-5
4.831865396181793	1.63462177674364E-5
4.835200017973509	1.3709610281375355E-5
4.838534639765226	1.1882087628969774E-5
4.841869261556942	1.1573626936568805E-5
4.845203883348659	1.088023638652689E-5
4.848538505140375	1.0294731843827437E-5
4.851873126932092	9.910555399838023E-6
4.855207748723808	9.870290562341156E-6
4.858542370515525	9.865768371636946E-6
4.861876992307241	9.891421931594803E-6
4.865211614098958	9.988865795720894E-6
4.868546235890674	1.0037529839419462E-5
4.871880857682391	1.0124199164601422E-5
4.875215479474107	1.025995046321395E-5
4.878550101265824	1.0254137259040043E-5
4.88188472305754	1.0122259300809766E-5
4.885219344849257	1.0041952823836042E-5
4.888553966640973	9.11332945948141E-6
4.89188858843269	8.361086706007898E-6
4.895223210224406	7.998842639513648E-6
4.898557832016123	8.099227018936444E-6
4.9018924538078394	8.321327036913653E-6
4.905227075599556	8.141479718961112E-6
4.9085616973912725	7.629196606446235E-6
4.911896319182989	7.387201366387473E-6
4.9152309409747055	7.438992947963873E-6
4.918565562766422	7.5868430538807145E-6
4.9219001845581385	7.808547181693456E-6
4.925234806349855	8.088361948250102E-6
4.9285694281415715	8.340802722743026E-6
4.931904049933288	8.522643485940977E-6
4.9352386717250045	8.703678006014262E-6
4.938573293516721	8.914201237580817E-6
4.9419079153084375	9.13627555277353E-6
4.945242537100154	9.22489232357773E-6
4.9485771588918706	9.32316080572012E-6
4.951911780683587	9.390558901597003E-6
4.955246402475304	9.853930269942842E-6
4.95858102426702	1.0188388009165336E-5
4.961915646058737	1.0512050255547796E-5
4.965250267850453	1.0834324798699744E-5
4.96858488964217	1.1132513275684016E-5
4.971919511433886	1.142475655654685E-5
4.975254133225603	1.116434859997246E-5
4.978588755017319	1.140487761701361E-5
4.981923376809036	1.1317402946375102E-5
4.985257998600752	1.1302005788349588E-5
4.988592620392469	1.1712528065030761E-5
4.991927242184185	1.2312719317342673E-5
4.995261863975902	1.2923451704148789E-5
4.998596485767618	1.3517288160544059E-5
