0.0033330406538175155	0.0012382177875289167
0.00666766244646512	0.004954045721189339
0.010002284239111522	0.01114748387060424
0.013336906031757297	0.019773583848931575
0.016671527824403072	0.03085012479000974
0.020006149617048847	0.04440427594683993
0.02334077140969462	0.060436037319421806
0.026675393202340397	0.07882400054280186
0.03001001499498617	0.09965695301385338
0.03334463678763654	0.12296454893694743
0.036679258580289635	0.14869292686376237
0.04001388037294273	0.1768865923517093
0.04334850216559582	0.20755786805542775
0.04668312395824891	0.24070675397491334
0.050017745750902	0.27633325011017157
0.053352367543555095	0.3143175769412544
0.056686989336208186	0.35454963670917344
0.06002161112886128	0.3972098924427079
0.06335623292151436	0.44234063549080216
0.06669085471416746	0.4865604361604424
0.07002547650682055	0.5339419127004645
0.07336009829947364	0.5865411995099932
0.07669472009212673	0.6404933214911462
0.08002934188477982	0.6969230536880823
0.08336396367743291	0.755787472484317
0.086698585470086	0.8171027467593142
0.0900332072627391	0.8803969869666245
0.09336782905539219	0.9466674816732003
0.09670245084804528	1.0109707342046501
0.10003707264069837	1.08602765320173
0.10337169443335147	1.1549825026881813
0.10670631622600456	1.2338305798882685
0.11004093801865765	1.3110555721462822
0.11337555981131074	1.3898309808483325
0.11671018160396383	1.4706095789028066
0.12004480339661693	1.5536803125640963
0.12337942518927002	1.6335414108148283
0.1267140469819231	1.7196905457701774
0.1300486687745762	1.8036151983719702
0.13338329056722928	1.8823655034848144
0.13671791235988237	1.9755704698725576
0.14005253415253546	2.0452800285667996
0.14338715594518855	2.143018847607341
0.14672177773784165	2.2384782703132005
0.15005639953049474	2.330238027910122
0.15339102132314783	2.423899302063665
0.15672564311580092	2.5148068325486426
0.16006026490845401	2.6040225910935573
0.1633948867011071	2.7183849601546926
0.1667295084937602	2.8117305063765845
0.1700641302864133	2.916428385505232
0.17339875207906638	3.01913719950387
0.17673337387171947	3.128792245064163
0.18006799566437257	3.240330559670244
0.18340261745702566	3.333234962730862
0.18673723924967875	3.4337409171645987
0.19007186104233184	3.5457600261726
0.19340648283498493	3.63885093279422
0.19674110462763802	3.740904190984838
0.20007572642029112	3.848443775722093
0.2034103482129442	3.965486442116912
0.2067449700055973	4.065780738530155
0.2100795917982504	4.1688407650662365
0.21341421359090348	4.234742148958781
0.21674883538355658	4.307857409709967
0.22008345717620967	4.399345088525825
0.22341807896886276	4.429201783264176
0.22675270076151585	4.568604400822861
0.23008732255416894	4.670199225588323
0.23342194434682204	4.7119049073985355
0.23675656613947513	4.829266304116837
0.24009118793212822	4.895862555826839
0.2434258097247813	4.984977635796127
0.2467604315174344	5.098665714674736
0.25009505331008747	5.144960017730891
0.25342967510274056	5.2230424246770495
0.25676429689539365	5.341083898259285
0.26009891868804674	5.418819848990966
0.26343354048069983	5.499871449110288
0.2667681622733529	5.604003178637722
0.270102784066006	5.714738576370212
0.2734374058586591	5.782400658223211
0.2767720276513122	5.883779449342748
0.2801066494439653	5.972553908068469
0.2834412712366184	6.0731522878152795
0.2867758930292715	6.2046119996947136
0.29011051482192457	6.295250037450212
0.29344513661457766	6.367068790127626
0.29677975840723075	6.457779873135912
0.30011438019988385	6.519102262477426
0.30344900199253694	6.615884904055462
0.30678362378519003	6.707676105060866
0.3101182455778431	6.759339249907372
0.3134528673704962	6.9033644765383535
0.3167874891631493	7.043063060279822
0.3201221109558024	7.132024466455132
0.3234567327484555	7.224881981262941
0.3267913545411086	7.325273386336446
0.3301259763337617	7.377217714697993
0.33346059812641476	7.405520951905369
0.33679521991906786	7.475346680118123
0.34012984171172095	7.508165616116578
0.34346446350437404	7.521788660123303
0.34679908529702713	7.546735069349207
0.3501337070896802	7.541163957310616
0.3534683288823333	7.540265367066322
0.3568029506749864	7.474543960370786
0.3601375724676395	7.49162858461469
0.3634721942602926	7.545865703571157
0.3668068160529457	7.607703640903046
0.3701414378455988	7.603494224605306
0.37347605963825187	7.609536841243899
0.37681068143090496	7.654006005797691
0.38014530322355805	7.5903893677830085
0.38347992501621114	7.52189564757809
0.38681454680886423	7.442225062675496
0.3901491686015173	7.514757441740035
0.3934837903941704	7.5146142897660795
0.3968184121868235	7.432082710965035
0.4001530339794766	7.251906268826217
0.4034876557721297	7.168969275104875
0.4068222775647828	7.106845287208203
0.4101568993574359	7.0788395491511675
0.41349152115008897	6.996050415638746
0.41682614294274206	6.999275168449682
0.42016076473539515	6.9489778304593965
0.42349538652804825	6.853605593096601
0.42683000832070134	6.7722312533357485
0.43016463011335443	6.747864453752865
0.4334992519060075	6.669394466366371
0.4368338736986606	6.545621741603914
0.4401684954913137	6.357821380441108
0.4435031172839668	6.270228640930457
0.4468377390766199	6.144906919186893
0.450172360869273	5.884649895360912
0.4535069826619261	5.7227477000433655
0.45684160445457916	5.545722205033165
0.46017622624723226	5.409841662855492
0.46351084803988535	5.269001802355336
0.46684546983253844	5.109783706872165
0.47018009162519153	4.845087858361318
0.4735147134178446	4.630963397706309
0.4768493352104977	4.3158540162099905
0.4801839570031508	4.163691307358837
0.4835185787958039	3.8088459384020963
0.486853200588457	3.579669585400207
0.4901878223811101	3.3254893057635493
0.4935224441737632	3.1165141740933944
0.49685706596641627	2.840764509196351
0.5001916877590693	2.5844996360138905
0.5035263095517224	2.4175256969740135
0.5068609313443755	2.1643629742366084
0.5101955531370286	1.6723253274600096
0.5135301749296817	1.3776130270522882
0.5168647967223348	0.885270494769312
0.5201994185149879	0.6945125845774447
0.523534040307641	0.5030891348837725
0.526868662100294	0.4279035517575788
0.5302032838929471	0.28348552459135024
0.5335379056856002	0.2028234918496731
0.5368725274782533	0.16467238110014581
0.5402071492709064	0.13775158732472642
0.5435417710635595	0.11636219781655344
0.5468763928562126	0.11389675167620966
0.5502110146488657	0.10582765012627343
0.5535456364415188	0.09639636373559124
0.5568802582341719	0.08575519806161463
0.560214880026825	0.08380419057650972
0.563549501819478	0.08394347734824584
0.5668841236121311	0.0778269650491001
0.5702187454047842	0.07264932802389684
0.5735533671974373	0.0707337485068082
0.5768879889900904	0.06961652201909307
0.5802226107827435	0.0699585044809274
0.5835572325753966	0.06987862764568292
0.5868918543680497	0.07170930946007607
0.5902264761607028	0.07023712500233442
0.5935610979533559	0.06514689411780732
0.596895719746009	0.060850400521441146
0.6002303415386621	0.05987940134539145
0.6035649633313152	0.053374521981282806
0.6068995851239682	0.052269563225029715
0.6102342069166213	0.05037042667481803
0.6135688287092744	0.03622680541718353
0.6169034505019275	0.030371032489119765
0.6202380722945806	0.030719049553117234
0.6235726940872337	0.029040722261806397
0.6269073158798868	0.023836668885982376
0.6302419376725399	0.02139287507945537
0.633576559465193	0.02143271121863181
0.6369111812578461	0.020357333222488127
0.6402458030504992	0.018451872572605083
0.6435804248431523	0.017475120557438356
0.6469150466358053	0.015032307697556745
0.6502496684284584	0.014765042530255375
0.6535842902211115	0.01458439153925855
0.6569189120137646	0.014411964992586216
0.6602535338064177	0.010508713084055668
0.6635881555990708	0.010222228504555878
0.6669227773917239	0.011068990317401405
0.670257399184377	0.009742420228481981
0.6735920209770301	0.009173276520681029
0.6769266427696832	0.005560166185636663
0.6802612645623363	0.004997161216371674
0.6835958863549894	0.0037264919998688415
0.6869305081476424	0.0038572877783597382
0.6902651299402955	0.0035717070100593673
0.6935997517329486	0.002904145220715605
0.6969343735256017	0.0031074639281598836
0.7002689953182548	0.003433773490033367
0.7036036171109079	0.0037422420854289233
0.706938238903561	0.003989242713760494
0.7102728606962141	0.0028365092434304157
0.7136074824888672	0.0028763030921040845
0.7169421042815203	0.0031332903577439702
0.7202767260741734	0.003101276963489926
0.7236113478668265	0.0024781824052275804
0.7269459696594796	0.0022944723468528226
0.7302805914521326	0.0022070563549732164
0.7336152132447857	0.00216582271762939
0.7369498350374388	0.0022531545858248377
0.7402844568300919	0.002333316560610252
0.743619078622745	0.001657425208173061
0.7469537004153981	0.001373267364985522
0.7502883222080512	0.0012857660859712744
0.7536229440007043	0.001215899578082727
0.7569575657933574	0.0012241753156730741
0.7602921875860105	0.0012948777671043035
0.7636268093786636	9.919937203135207E-4
0.7669614311713167	9.569375128644106E-4
0.7702960529639697	9.540075268526516E-4
0.7736306747566228	9.691049974229874E-4
0.7769652965492759	7.151697851015358E-4
0.780299918341929	7.390403335754163E-4
0.7836345401345821	7.380414926878377E-4
0.7869691619272352	7.575202629089034E-4
0.7903037837198883	8.176827628430114E-4
0.7936384055125414	9.266871641546319E-4
0.7969730273051945	0.0010528220595603234
0.8003076490978476	0.0011628914170571517
0.8036422708905007	0.0012366953223760355
0.8069768926831538	0.001183965265566573
0.8103115144758068	0.0012935636561658224
0.8136461362684599	0.001457717389800199
0.816980758061113	0.0016432286221241606
0.8203153798537661	0.0016930155036753221
0.8236500016464192	0.0015451887607052695
0.8269846234390723	0.001433669120093747
0.8303192452317254	0.0013039503760512953
0.8336538670243785	0.0012270107562843073
0.8369884888170316	0.0010988669922286122
0.8403231106096847	0.001023968427527566
0.8436577324023378	9.532649876099951E-4
0.8469923541949909	8.973497935056304E-4
0.850326975987644	8.497766395419395E-4
0.853661597780297	8.215192710787801E-4
0.8569962195729501	7.113693633900222E-4
0.8603308413656032	6.991690038484636E-4
0.8636654631582563	6.915905149822595E-4
0.8670000849509094	6.880171410034363E-4
0.8703347067435625	6.861778117901667E-4
0.8736693285362156	6.71450716213487E-4
0.8770039503288687	7.230708371841197E-4
0.8803385721215218	7.68041995190093E-4
0.8836731939141749	7.85075856473423E-4
0.887007815706828	8.366179077847456E-4
0.890342437499481	9.190004874906948E-4
0.8936770592921341	0.001035147854307771
0.8970116810847872	0.001110071111808078
0.9003463028774403	0.0012378868625181768
0.9036809246700934	0.001325771614243658
0.9070155464627465	0.0013804281560337547
0.9103501682553996	0.0015209695570559988
0.9136847900480527	0.00168802059798748
0.9170194118407058	0.0018279367606104779
0.9203540336333589	0.0017339223385082348
0.923688655426012	0.0016433036729175208
0.9270232772186651	0.0015584994415718508
0.9303578990113182	0.0014255510206012975
0.9336925208039712	0.0012384260716628507
0.9370271425966243	0.0010984439908403832
0.9403617643892774	9.112942703288292E-4
0.9436963861819305	6.964769640005034E-4
0.9470310079745836	6.709344603992066E-4
0.9503656297672367	6.21584531132823E-4
0.9537002515598898	5.576835065652907E-4
0.9570348733525429	5.926606045814155E-4
0.960369495145196	5.873523792507968E-4
0.9637041169378491	5.753289006547155E-4
0.9670387387305022	5.713608788535838E-4
0.9703733605231553	5.838926394172529E-4
0.9737079823158084	6.693192411506409E-4
0.9770426041084614	6.726366677138917E-4
0.9803772259011145	6.488015609299559E-4
0.9837118476937676	7.321090483212479E-4
0.9870464694864207	7.749314706458566E-4
0.9903810912790738	9.356068064075384E-4
0.9937157130717269	0.0010966190418389761
0.99705033486438	0.001241903612037669
1.000384956657033	0.0014714841640270618
1.0037195784496862	0.001634307574074178
1.0070542002423393	0.0017486892562300759
1.0103888220349924	0.0019772596964211663
1.0137234438276455	0.002239334501609317
1.0170580656202985	0.002397323988655293
1.0203926874129516	0.002428943595508813
1.0237273092056047	0.002481247747874317
1.0270619309982578	0.0025290138861680266
1.030396552790911	0.0025978977444070105
1.033731174583564	0.0013972350224989007
1.037065796376217	0.0010857979291336306
1.0404004181688702	0.0010528670589325436
1.0437350399615233	9.116179379520671E-4
1.0470696617541764	9.20181909961457E-4
1.0504042835468295	9.504938800980415E-4
1.0537389053394826	9.589867086714868E-4
1.0570735271321356	0.0010384918400528876
1.0604081489247887	7.133707234333856E-4
1.0637427707174418	6.784912189333714E-4
1.067077392510095	6.997317637528063E-4
1.070412014302748	7.414759514665184E-4
1.073746636095401	7.622627652368811E-4
1.0770812578880542	8.065485895208036E-4
1.0804158796807073	8.574862709583074E-4
1.0837505014733604	9.473514171204157E-4
1.0870851232660135	0.0011003225922211024
1.0904197450586666	0.0011954120672000345
1.0937543668513197	0.0012775468449393165
1.0970889886439728	0.0013822893939701552
1.1004236104366258	0.0016221415997458746
1.103758232229279	0.0017837221894714868
1.107092854021932	0.0019322531589858116
1.1104274758145851	0.002244720027795113
1.1137620976072382	0.0019692282903502304
1.1170967193998913	0.0024070480689375494
1.1204313411925444	0.0020199601701087018
1.1237659629851975	0.0017844588817119277
1.1271005847778506	0.0017973905145758989
1.1304352065705037	0.002000623345363333
1.1337698283631568	0.0020392240549244713
1.1371044501558099	0.0016874272085289055
1.140439071948463	0.0011771636533512942
1.143773693741116	8.590612206707714E-4
1.1471083155337691	5.688615795422311E-4
1.1504429373264222	3.2863683351037307E-4
1.1537775591190753	2.741550876413436E-4
1.1571121809117284	2.437627808125864E-4
1.1604468027043815	2.449623574302733E-4
1.1637814244970346	2.5476622774697E-4
1.1671160462896877	2.6661306568490854E-4
1.1704506680823408	2.614276385449539E-4
1.1737852898749939	2.7185743092759664E-4
1.177119911667647	3.147149272325251E-4
1.1804545334603	3.873411438336609E-4
1.1837891552529531	4.5770005569574707E-4
1.1871237770456062	5.375325147036627E-4
1.1904583988382593	6.022720678729169E-4
1.1937930206309124	6.988441533777621E-4
1.1971276424235655	8.129207448236519E-4
1.2004622642162186	9.465689845213638E-4
1.2037968860088717	0.0010635571616928825
1.2071315078015248	0.0011980733898645877
1.2104661295941779	0.0013525001720486396
1.213800751386831	0.00137986064706558
1.217135373179484	0.0012382715882057087
1.2204699949721372	0.0010877634395461135
1.2238046167647902	9.70170788495217E-4
1.2271392385574433	8.669344128661148E-4
1.2304738603500964	7.852186900622572E-4
1.2338084821427495	6.852933225120337E-4
1.2371431039354026	5.984097985397003E-4
1.2404777257280557	5.294260319832472E-4
1.2438123475207088	4.791752691721086E-4
1.2471469693133619	4.4430165715785415E-4
1.250481591106015	4.109868493569052E-4
1.253816212898668	3.8096168484701756E-4
1.2571508346913212	3.683829882535736E-4
1.2604854564839743	3.839108933783255E-4
1.2638200782766273	3.8920170160029933E-4
1.2671547000692804	3.9058911808690456E-4
1.2704893218619335	4.1304536622605996E-4
1.2738239436545866	3.993714431890684E-4
1.2771585654472397	4.89177375059017E-4
1.2804931872398928	4.970411782103199E-4
1.283827809032546	5.476039424300205E-4
1.287162430825199	6.20515231813897E-4
1.290497052617852	7.236750051185191E-4
1.2938316744105052	8.447274138608688E-4
1.2971662962031583	9.10222883278569E-4
1.3005009179958114	9.739272334881015E-4
1.3038355397884644	0.001114805531032162
1.3071701615811175	0.00125247930711545
1.3105047833737706	2.611575677384179E-4
1.3138394051664237	0.001249201482827589
1.3171740269590768	0.0010857003235854989
1.32050864875173	9.447641371481618E-4
1.323843270544383	8.288039429984013E-4
1.327177892337036	7.154653841191129E-4
1.3305125141296892	6.066398520726755E-4
1.3338471359223423	5.196481764991255E-4
1.3371817577149954	4.419330682254958E-4
1.3405163795076485	3.783054610542278E-4
1.3438510013003016	2.966667303985801E-4
1.3471856230929546	2.3030263857204818E-4
1.3505202448856077	1.8204481218896798E-4
1.3538548666782608	1.6870363546392692E-4
1.357189488470914	2.0557047463452854E-4
1.360524110263567	2.4082931432873683E-4
1.36385873205622	2.67781385579287E-4
1.3671933538488732	3.1261470585838185E-4
1.3705279756415263	3.7891803735442566E-4
1.3738625974341794	4.6955236297347125E-4
1.3771972192268325	5.470885041700261E-4
1.3805318410194856	3.985931682665443E-4
1.3838664628121387	4.444956888830538E-4
1.3872010846047917	4.8676162898985683E-4
1.3905357063974448	5.442898009631235E-4
1.393870328190098	6.20084339569802E-4
1.397204949982751	7.264773729164522E-4
1.4005395717754041	8.317603112850744E-4
1.4038741935680572	9.800675160843678E-4
1.4072088153607103	9.777540880819499E-4
1.4105434371533634	8.544516428916861E-4
1.4138780589460165	7.188858086189816E-4
1.4172126807386696	6.043204073497769E-4
1.4205473025313227	5.11436434337606E-4
1.4238819243239758	4.393920454745516E-4
1.4272165461166288	3.886015978492233E-4
1.430551167909282	2.7928665917420655E-4
1.433885789701935	2.507391499336868E-4
1.4372204114945881	1.9116300795756687E-4
1.4405550332872412	1.3335318985046622E-4
1.4438896550798943	1.0692205387193918E-4
1.4472242768725474	1.0138832743452172E-4
1.4505588986652005	1.1704964329686926E-4
1.4538935204578536	1.4999361368389522E-4
1.4572281422505067	2.0258322275388E-4
1.4605627640431598	2.7624857723218934E-4
1.4638973858358129	3.0337929364902035E-4
1.467232007628466	3.398611513717025E-4
1.470566629421119	3.9836620085410357E-4
1.4739012512137721	4.6856230930689445E-4
1.4772358730064252	5.593808666128565E-4
1.4805704947990783	6.713696037374376E-4
1.4839051165917314	8.103669195813443E-4
1.4872397383843845	9.057443047462457E-4
1.4905743601770376	8.657577788181889E-4
1.4939089819696907	7.25091108345773E-4
1.4972436037623438	6.037873727616073E-4
1.5005782255549969	5.021361431390406E-4
1.50391284734765	4.2127275645371514E-4
1.507247469140303	3.6302925526463534E-4
1.5105820909329561	3.27212018586426E-4
1.5139167127256092	2.705698378249743E-4
1.5172513345182623	2.3066228240308347E-4
1.5205859563109154	1.7484077131466635E-4
1.5239205781035685	1.395196918115648E-4
1.5272551998962216	1.2458256076650087E-4
1.5305898216888747	1.0698468128935607E-4
1.5339244434815278	1.2355170235602025E-4
1.5372590652741809	1.7175102089987755E-4
1.540593687066834	2.2369537495947722E-4
1.543928308859487	2.3459420145860302E-4
1.5472629306521402	2.6898180649511457E-4
1.5505975524447932	3.194832553119847E-4
1.5539321742374463	3.9132918826910706E-4
1.5572667960300994	4.793059171017414E-4
1.5606014178227525	5.933969441629858E-4
1.5639360396154056	7.294257862314913E-4
1.5672706614080587	8.607521019693538E-4
1.5706052832007118	1.4792163968401588E-4
1.573939904993365	8.117579001316997E-4
1.577274526786018	6.839955497495342E-4
1.580609148578671	5.7771826474637E-4
1.5839437703713242	4.930617655110402E-4
1.5872783921639773	4.150732957261375E-4
1.5906130139566304	3.524439535341191E-4
1.5939476357492834	2.8093859664352457E-4
1.5972822575419365	1.8763761923444168E-4
1.6006168793345896	1.2109127127813987E-4
1.6039515011272427	7.907168486979316E-5
1.6072861229198958	5.923507724596206E-5
1.610620744712549	5.9195321724734213E-5
1.613955366505202	8.011689038086912E-5
1.617289988297855	1.2194713832615406E-4
1.6206246100905082	1.3918314007603763E-4
1.6239592318831613	1.4141096326320094E-4
1.6272938536758144	1.6566199115724926E-4
1.6306284754684675	2.0869777124920535E-4
1.6339630972611205	2.747878412412233E-4
1.6372977190537736	3.612309500757963E-4
1.6406323408464267	4.6900586772019554E-4
1.6439669626390798	5.993340565624708E-4
1.647301584431733	6.944688173894185E-4
1.650636206224386	7.838271277220022E-4
1.653970828017039	8.517042332637483E-4
1.6573054498096922	7.189547238330996E-4
1.6606400716023453	6.07044437924889E-4
1.6639746933949984	5.16283366318771E-4
1.6673093151876515	4.469343691012296E-4
1.6706439369803046	3.9915834459680995E-4
1.6739785587729576	3.060912521745212E-4
1.6773131805656107	2.171705621095253E-4
1.6806478023582638	1.4954192777053108E-4
1.683982424150917	1.0319979466254303E-4
1.68731704594357	7.816633038779897E-5
1.690651667736223	7.450142333877801E-5
1.6939862895288762	9.226979675289624E-5
1.6973209113215293	1.0009906249232102E-4
1.7006555331141824	1.1499725497151017E-4
1.7039901549068355	1.1265169680602143E-4
1.7073247766994886	1.3114097070145988E-4
1.7106593984921417	1.7119499529809974E-4
1.7139940202847948	2.3261272658365282E-4
1.7173286420774478	3.1548196440572026E-4
1.720663263870101	4.199504938999261E-4
1.723997885662754	4.702366456910602E-4
1.7273325074554071	6.062654800173938E-4
1.7306671292480602	6.896292181450644E-4
1.7340017510407133	7.936303098218527E-4
1.7373363728333664	8.295273957679998E-4
1.7406709946260195	7.11122049048838E-4
1.7440056164186726	6.140323327364437E-4
1.7473402382113257	5.298805958245943E-4
1.7506748600039788	4.618875896233034E-4
1.7540094817966319	3.4431509871838474E-4
1.757344103589285	2.498646382204549E-4
1.760678725381938	1.7781857647644823E-4
1.7640133471745911	1.2633365005054015E-4
1.7673479689672442	9.130462692984913E-5
1.7706825907598973	8.140388599318154E-5
1.7740172125525504	9.280080383874854E-5
1.7773518343452035	1.03379450390813E-4
1.7806864561378566	7.496918770149762E-5
1.7840210779305097	6.747860877172641E-5
1.7873556997231628	8.145121071642017E-5
1.7906903215158159	1.1670992873182648E-4
1.794024943308469	1.731226396897342E-4
1.797359565101122	2.509747272459377E-4
1.8006941868937751	3.502769703951789E-4
1.8040288086864282	4.38274139569289E-4
1.8073634304790813	4.893184691308874E-4
1.8106980522717344	5.653135859484594E-4
1.8140326740643875	6.644357062387517E-4
1.8173672958570406	7.857106762555588E-4
1.8207019176496937	7.931286098391777E-4
1.8240365394423468	6.924308789263556E-4
1.8273711612349999	6.133839620774742E-4
1.830705783027653	5.127563755238787E-4
1.834040404820306	3.920795418210722E-4
1.8373750266129592	2.9270096420967674E-4
1.8407096484056122	2.1471900701027055E-4
1.8440442701982653	1.581430947684633E-4
1.8473788919909184	1.2295891233369936E-4
1.8507135137835715	1.0914689017695552E-4
1.8540481355762246	1.1668689726168002E-4
1.8573827573688777	9.924423697445777E-5
1.8607173791615308	8.640949729274877E-5
1.8640520009541839	9.557281755703986E-5
1.867386622746837	1.2598508638103168E-4
1.87072124453949	1.7714212425131858E-4
1.8740558663321432	2.4933813604869487E-4
1.8773904881247963	3.0236251698519524E-4
1.8807251099174493	3.837909214492365E-4
1.8840597317101024	4.284099269956439E-4
1.8873943535027555	4.812536286944034E-4
1.8907289752954086	5.553389113140661E-4
1.8940635970880617	6.505812987551889E-4
1.8973982188807148	5.190112913568748E-4
1.900732840673368	6.335638184309936E-4
1.904067462466021	5.450106989444708E-4
1.907402084258674	4.7623258877881443E-4
1.9107367060513272	4.2769118669711817E-4
1.9140713278439803	3.7697118814153445E-4
1.9174059496366334	2.677070541582248E-4
1.9207405714292864	1.799558330113782E-4
1.9240751932219395	1.1401704691249238E-4
1.9274098150145926	6.9585684307784E-5
1.9307444368072457	4.643527048169412E-5
1.9340790585998988	4.457990260093715E-5
1.937413680392552	6.400443271392762E-5
1.940748302185205	1.0468755961310792E-4
1.944082923977858	1.6672452658951728E-4
1.9474175457705112	2.1312432523057698E-4
1.9507521675631643	2.1246987848579058E-4
1.9540867893558174	2.3321088262747683E-4
1.9574214111484705	2.7530493377504023E-4
1.9607560329411236	3.387284601542969E-4
1.9640906547337766	4.234882289545666E-4
1.9674252765264297	5.296105832490472E-4
1.9707598983190828	6.571191493013177E-4
1.974094520111736	7.631041167653929E-4
1.977429141904389	7.59601580595519E-4
1.980763763697042	6.539740565434712E-4
1.9840983854896952	5.134537430052983E-4
1.9874330072823483	3.9428806159260446E-4
1.9907676290750014	2.9648699745787833E-4
1.9941022508676545	2.2006033564351792E-4
1.9974368726603076	1.6501116087498018E-4
2.0007714944529607	1.31335932085191E-4
2.0041061162456137	1.1902803099458374E-4
2.007440738038267	1.2808265652898413E-4
2.01077535983092	1.5850025067783743E-4
2.014109981623573	1.487357783325177E-4
2.017444603416226	1.163358550275573E-4
2.020779225208879	1.0530864544244301E-4
2.0241138470015323	1.1565307332590118E-4
2.0274484687941854	1.47366295755536E-4
2.0307830905868385	2.0044667801709018E-4
2.0341177123794916	2.748932667405144E-4
2.0374523341721447	3.707024449863126E-4
2.0407869559647978	4.878749357144589E-4
2.044121577757451	6.264151968547485E-4
2.047456199550104	7.125429797931978E-4
2.050790821342757	7.882670775661882E-4
2.05412544313541	7.197652469382892E-4
2.057460064928063	5.872437796555039E-4
2.0607946867207163	4.7849241737293153E-4
2.0641293085133694	3.907456009823988E-4
2.0674639303060225	3.252408319559053E-4
2.0707985520986756	2.8150375414511225E-4
2.0741331738913287	2.5923718029076067E-4
2.0774677956839818	2.5783286704416134E-4
2.080802417476635	1.5712661149851087E-4
2.084137039269288	1.407518398936046E-4
2.087471661061941	1.4302365099440965E-4
2.090806282854594	1.0239407103213991E-4
2.0941409046472472	1.4614461508940838E-4
2.0974755264399003	2.1019337568280023E-4
2.1008101482325534	2.952047526666303E-4
2.1041447700252065	3.5778195242637734E-4
2.1074793918178596	3.878700025990931E-4
2.1108140136105127	4.405956480556787E-4
2.1141486354031658	5.13541427039538E-4
2.117483257195819	6.08001751697452E-4
2.120817878988472	6.500985469514469E-4
2.124152500781125	5.544331249151355E-4
2.127487122573778	4.8133590577314903E-4
2.1308217443664312	4.2965595181195746E-4
2.1341563661590843	3.8230955754738744E-4
2.1374909879517374	2.798986172956419E-4
2.1408256097443905	1.9542995265771145E-4
2.1441602315370436	1.3287094016125887E-4
2.1474948533296967	9.177401591842336E-5
2.15082947512235	6.831693099383164E-5
2.154164096915003	9.382589713300648E-5
2.157498718707656	1.4265542009643436E-4
2.160833340500309	2.1225349379835456E-4
2.164167962292962	1.9557860501377377E-4
2.1675025840856152	3.1788112292013875E-4
2.1708372058782683	3.528207149445153E-4
2.1741718276709214	4.092853676020456E-4
2.1775064494635745	4.875638845217349E-4
2.1808410712562276	4.1565932439963603E-4
2.1841756930488807	5.369386124469218E-4
2.187510314841534	5.210110357837479E-4
2.190844936634187	4.298099224013837E-4
2.19417955842684	3.1627871336402163E-4
2.197514180219493	2.2408598316757161E-4
2.200848802012146	1.5436175909531695E-4
2.2041834238047993	1.0650772108342888E-4
2.2075180455974523	8.033657088925507E-5
2.2108526673901054	7.556488277188682E-5
2.2141872891827585	9.179057366938317E-5
2.2175219109754116	1.2911430390025614E-4
2.2208565327680647	1.8787193696429084E-4
2.224191154560718	2.3874091573664632E-4
2.227525776353371	2.3135789823193982E-4
2.230860398146024	2.454864169910094E-4
2.234195019938677	2.809335149650728E-4
2.23752964173133	3.318549356071415E-4
2.2408642635239833	4.0426726862103957E-4
2.2441988853166364	4.435790846514188E-4
2.2475335071092895	3.755035894177747E-4
2.2508681289019425	3.300476723759574E-4
2.2542027506945956	3.064731735547359E-4
2.2575373724872487	1.721581790122026E-4
2.260871994279902	2.1074873092712774E-4
2.264206616072555	1.411411356391783E-4
2.267541237865208	9.264788750004066E-5
2.270875859657861	6.509330277886155E-5
2.274210481450514	6.090987266782328E-5
2.2775451032431673	7.793738740351816E-5
2.2808797250358204	1.132268093304509E-4
2.2842143468284735	1.6971479556620204E-4
2.2875489686211266	2.4872502069568176E-4
2.2908835904137796	3.493483677358901E-4
2.2942182122064327	3.8654262420943227E-4
2.297552833999086	4.217838200115674E-4
2.300887455791739	4.785331354025873E-4
2.304222077584392	4.09943370806769E-4
2.307556699377045	3.2175852153891883E-4
2.310891321169698	2.5431734032553733E-4
2.3142259429623513	2.0140271131828365E-4
2.3175605647550044	1.7139857699557834E-4
2.3208951865476575	1.6238463988704104E-4
2.3242298083403106	1.7350380750080492E-4
2.3275644301329637	1.49838917399306E-4
2.3308990519256167	1.0079715574792125E-4
2.33423367371827	7.436628627502642E-5
2.337568295510923	6.927323335370612E-5
2.340902917303576	8.482106684459825E-5
2.344237539096229	1.2123859470699366E-4
2.347572160888882	1.789064486945685E-4
2.3509067826815353	2.581211133206308E-4
2.3542414044741884	3.5905516873117654E-4
2.3575760262668415	4.8081658725279615E-4
2.3609106480594946	5.434811893932014E-4
2.3642452698521477	4.113317780547124E-4
2.3675798916448008	3.006247299577146E-4
2.370914513437454	2.115904987198956E-4
2.374249135230107	1.44220316379001E-4
2.37758375702276	9.845307809708566E-5
2.380918378815413	7.411732393382071E-5
2.384253000608066	7.10427305133015E-5
2.3875876224007193	8.920412341170579E-5
2.3909222441933724	1.2867443172318962E-4
2.3942568659860255	8.028108128208526E-5
2.3975914877786786	1.5610946581064278E-4
2.4009261095713317	1.4943001411407328E-4
2.4042607313639848	1.6474558433064593E-4
2.407595353156638	2.0160033214877934E-4
2.410929974949291	2.600981442303567E-4
2.414264596741944	3.4009729013815464E-4
2.417599218534597	4.415221349534829E-4
2.4209338403272502	4.269481696929089E-4
2.4242684621199033	3.836672705711158E-4
2.4276030839125564	3.6163071117696307E-4
2.4309377057052095	2.7273711493835446E-4
2.4342723274978626	1.840687346081116E-4
2.4376069492905157	1.1684242941297496E-4
2.440941571083169	7.102794875834861E-5
2.444276192875822	4.657625336816477E-5
2.447610814668475	4.3453114541351886E-5
2.450945436461128	6.165780046973274E-5
2.454280058253781	1.01213737686923E-4
2.4576146800464342	1.5799202045267818E-4
2.4609493018390873	2.3575341329238857E-4
2.4642839236317404	2.7518650936756984E-4
2.4676185454243935	2.895561859080065E-4
2.4709531672170466	3.2628691278775685E-4
2.4742877890096997	3.851585788003324E-4
2.477622410802353	4.266257927938927E-4
2.480957032595006	3.4085172415277337E-4
2.484291654387659	2.7579465209838034E-4
2.487626276180312	2.318327539217364E-4
2.490960897972965	2.0883087729127233E-4
2.4942955197656183	2.0752136514285926E-4
2.4976301415582713	1.9297666153026636E-4
2.5009647633509244	1.2550968519589695E-4
2.5042993851435775	7.958125591382007E-5
2.5076340069362306	5.483754655403704E-5
2.5109686287288837	5.122340700681805E-5
2.514303250521537	6.887026728419452E-5
2.51763787231419	1.0797176700874337E-4
2.520972494106843	1.6860311071858217E-4
2.524307115899496	2.507563350564771E-4
2.527641737692149	3.5433672322432425E-4
2.5309763594848023	4.0111508030378365E-4
2.5343109812774554	5.079018998019578E-4
2.5376456030701084	4.3805386627573494E-4
2.5409802248627615	3.303918275262091E-4
2.5443148466554146	2.4413887588967868E-4
2.5476494684480677	1.7768368379623593E-4
2.550984090240721	1.3138531697567873E-4
2.554318712033374	1.0712944109002194E-4
2.557653333826027	1.0513777077741266E-4
2.56098795561868	1.2314536918059073E-4
2.564322577411333	1.8111295783334658E-4
2.5676571992039863	1.7053549906662993E-4
2.5709918209966394	1.6339167243393905E-4
2.5743264427892925	1.7725130556512473E-4
2.5776610645819455	1.2974949938817954E-4
2.5809956863745986	1.803140347505588E-4
2.5843303081672517	2.5461643048034217E-4
2.587664929959905	3.5052763280103347E-4
2.590999551752558	3.1047997966117196E-4
2.594334173545211	2.109542915746961E-4
2.597668795337864	1.5638548428460806E-4
2.601003417130517	9.449976094521808E-5
2.6043380389231703	5.467453409821374E-5
2.6076726607158234	3.763388444460525E-5
2.6110072825084765	4.408073476135512E-5
2.6143419043011296	7.218659877049379E-5
2.6176765260937827	9.631706645760768E-5
2.6210111478864357	1.0060368545940488E-4
2.624345769679089	1.2532977556154175E-4
2.627680391471742	1.6951555325670617E-4
2.631015013264395	1.0936684745304189E-4
2.634349635057048	2.0046530272127875E-4
2.637684256849701	1.6800977392911147E-4
2.6410188786423543	1.0288581523903564E-4
2.6443535004350074	5.955117994253364E-5
2.6476881222276605	3.77327538548437E-5
2.6510227440203136	3.722918146309733E-5
2.6543573658129667	5.800945476356634E-5
2.6576919876056198	5.26868277691097E-5
2.661026609398273	9.897412669483524E-5
2.664361231190926	1.1764281475282036E-4
2.667695852983579	1.577435877798691E-4
2.671030474776232	2.1922617056080267E-4
2.674365096568885	2.0495121282509474E-4
2.6776997183615383	1.7710668242513542E-4
2.6810343401541914	1.1940560094472717E-4
2.6843689619468445	6.904365884622418E-5
2.6877035837394976	4.082831173021505E-5
2.6910382055321507	3.4151939216421716E-5
2.6943728273248038	4.8844052405596994E-5
2.697707449117457	8.4196166672549E-5
2.70104207091011	1.0361526880860068E-4
2.704376692702763	1.1554728918527728E-4
2.707711314495416	1.487971041484042E-4
2.7110459362880692	2.034194326966168E-4
2.7143805580807223	2.1177830355334457E-4
2.7177151798733754	1.703761676179937E-4
2.7210498016660285	1.3203082557735439E-4
2.7243844234586816	6.800651866573063E-5
2.7277190452513347	3.541077657715113E-5
2.7310536670439878	2.4644653595361592E-5
2.734388288836641	3.5342603953516445E-5
2.737722910629294	6.705738466872212E-5
2.741057532421947	1.094057760519156E-4
2.7443921542146	1.1703168211591415E-4
2.7477267760072532	1.46149912364571E-4
2.7510613977999063	1.9680334043518122E-4
2.7543960195925594	1.811543991382138E-4
2.7577306413852125	1.470709400121419E-4
2.7610652631778656	9.581245594268467E-5
2.7643998849705187	7.975818988329998E-5
2.767734506763172	4.329464195774843E-5
2.771069128555825	2.8199049706937614E-5
2.774403750348478	3.449702285162681E-5
2.777738372141131	6.218462493204914E-5
2.781072993933784	1.0798289237635601E-4
2.7844076157264372	1.2776300198034262E-4
2.7877422375190903	1.52059217252208E-4
2.7910768593117434	1.976782546913823E-4
2.7944114811043965	1.7957426267931065E-4
2.7977461028970496	1.2876841671629087E-4
2.8010807246897027	1.1114195482973694E-4
2.804415346482356	8.442790517709407E-5
2.807749968275009	4.876601941905779E-5
2.811084590067662	3.44004286616795E-5
2.814419211860315	4.1368058864079404E-5
2.817753833652968	6.969709378431783E-5
2.8210884554456213	1.193843106744302E-4
2.8244230772382743	1.6813720189195165E-4
2.8277576990309274	1.9432831790130997E-4
2.8310923208235805	1.7368518187671513E-4
2.8344269426162336	1.2271867664002988E-4
2.8377615644088867	9.310087811678893E-5
2.84109618620154	8.483852649616758E-5
2.844430807994193	8.714421892105494E-5
2.847765429786846	5.741320726190117E-5
2.851100051579499	4.700420558806844E-5
2.854434673372152	5.796203965088856E-5
2.8577692951648053	9.028053631287075E-5
2.8611039169574584	1.4395813069814124E-4
2.8644385387501115	1.9240697174016698E-4
2.8677731605427645	2.1333499435164443E-4
2.8711077823354176	1.4496544404135286E-4
2.8744424041280707	9.258574441057589E-5
2.877777025920724	6.59288215210753E-5
2.881111647713377	5.8865426935348036E-5
2.88444626950603	7.012892437388237E-5
2.887780891298683	7.34250886106279E-5
2.891115513091336	6.374814531997861E-5
2.8944501348839893	6.310334388873001E-5
2.8977847566766424	5.498643080890088E-5
2.9011193784692955	4.647826619921201E-5
2.9044540002619486	4.21714214878295E-5
2.9077886220546016	4.12428443112663E-5
2.9111232438472547	4.1447265878693375E-5
2.914457865639908	3.6257191949822094E-5
2.917792487432561	3.434453215713518E-5
2.921127109225214	3.5641190000959586E-5
2.924461731017867	3.454534850995177E-5
2.92779635281052	3.5307707793371086E-5
2.9311309746031733	3.596698068120161E-5
2.9344655963958264	3.6567784601964085E-5
2.9378002181884795	3.703284565060911E-5
2.9411348399811326	3.708020806555115E-5
2.9444694617737857	3.727925359708578E-5
2.9478040835664387	3.768764340175661E-5
2.951138705359092	3.8114843377806396E-5
2.954473327151745	3.8644347449547016E-5
2.957807948944398	3.450985369707229E-5
2.961142570737051	2.8038874162351942E-5
2.964477192529704	2.6290294009380583E-5
2.9678118143223573	2.578783709775511E-5
2.9711464361150104	2.5997061227719264E-5
2.9744810579076635	2.6393061545598455E-5
2.9778156797003166	2.676816394229288E-5
2.9811503014929697	2.6997573177780892E-5
2.9844849232856228	2.485986937015942E-5
2.987819545078276	1.9906613497382862E-5
2.991154166870929	1.55609010671763E-5
2.994488788663582	1.3255866000564917E-5
2.997823410456235	1.1947120757753507E-5
3.001158032248888	1.124718671601739E-5
3.0044926540415413	1.1304328047063007E-5
3.0078272758341944	1.1561379082270543E-5
3.0111618976268475	1.1722444186280363E-5
3.0144965194195006	1.1774857528226867E-5
3.0178311412121537	1.1813710911659353E-5
3.0211657630048068	1.192483618148744E-5
3.02450038479746	1.2117137412503262E-5
3.027835006590113	1.2346266185425708E-5
3.031169628382766	1.2293532288480509E-5
3.034504250175419	1.231303438166305E-5
3.0378388719680722	1.2427944619585745E-5
3.0411734937607253	1.2534034495032919E-5
3.0445081155533784	1.2700082662168799E-5
3.0478427373460315	1.2917181853841763E-5
3.0511773591386846	1.3178626888503403E-5
3.0545119809313377	1.3453149115736311E-5
3.057846602723991	1.3689455782723223E-5
3.061181224516644	1.3869652601209543E-5
3.064515846309297	1.4030200955554661E-5
3.06785046810195	1.4204783332547334E-5
3.071185089894603	1.440948455838525E-5
3.0745197116872562	1.4638535062891425E-5
3.0778543334799093	1.4075151956203945E-5
3.0811889552725624	1.3419544989213937E-5
3.0845235770652155	1.2816937989725072E-5
3.0878581988578686	1.2583161430991011E-5
3.0911928206505217	1.251999673483408E-5
3.094527442443175	1.2605564214769795E-5
3.097862064235828	1.2755317164518933E-5
3.101196686028481	1.1326496195156352E-5
3.104531307821134	9.933199901138672E-6
3.107865929613787	9.297358279024754E-6
3.1112005514064403	9.228012689663828E-6
3.1145351731990933	9.372930474258946E-6
3.1178697949917464	9.703981420495148E-6
3.1212044167843995	1.0230739197928139E-5
3.1245390385770526	1.063704778100549E-5
3.1278736603697057	1.0792027499484302E-5
3.131208282162359	1.0752749411847967E-5
3.134542903955012	9.927961126607006E-6
3.137877525747665	9.781533312852727E-6
3.141212147540318	9.82246656442038E-6
3.144546769332971	9.954465937282406E-6
3.1478813911256243	1.0150521505160812E-5
3.1512160129182774	1.0300202350948504E-5
3.1545506347109304	1.0435345189219825E-5
3.1578852565035835	1.0560436793824057E-5
3.1612198782962366	1.0695772882411762E-5
3.1645545000888897	1.085527338163209E-5
3.167889121881543	1.1037544210200734E-5
3.171223743674196	1.1227509754134619E-5
3.174558365466849	1.1411359780755804E-5
3.177892987259502	1.1581555368038963E-5
3.181227609052155	1.1743400196730265E-5
3.1845622308448083	1.1909130935681072E-5
3.1878968526374614	1.2087994316141026E-5
3.1912314744301145	1.2275383566294248E-5
3.1945660962227675	1.2440174353800846E-5
3.1979007180154206	1.263674607884057E-5
3.2012353398080737	1.2819054100921543E-5
3.204569961600727	1.3010686100901582E-5
3.20790458339338	1.3207855107634324E-5
3.211239205186033	1.3406306791365727E-5
3.214573826978686	1.3606660857634344E-5
3.217908448771339	1.3816959906189604E-5
3.2212430705639923	1.4042638423450551E-5
3.2245776923566454	1.427558076004145E-5
3.2279123141492985	1.4508445289818726E-5
3.2312469359419516	1.473562544066593E-5
3.2345815577346047	1.4960585692181019E-5
3.2379161795272577	1.5189768333182708E-5
3.241250801319911	1.542927693439583E-5
3.244585423112564	1.5680132644320182E-5
3.247920044905217	1.5938774753536874E-5
3.25125466669787	1.6200320224960956E-5
3.254589288490523	1.6462313885907137E-5
3.2579239102831763	1.6725803997957908E-5
3.2612585320758294	1.699367535792967E-5
3.2645931538684825	1.726860051793173E-5
3.2679277756611356	1.7551424751875082E-5
3.2712623974537887	1.7841064178006047E-5
3.2745970192464418	1.8135856119925784E-5
3.277931641039095	1.8434735377663515E-5
3.281266262831748	1.8737823003761062E-5
3.284600884624401	1.873548990274408E-5
3.287935506417054	1.746591435599361E-5
3.291270128209707	1.6284183192096013E-5
3.2946047500023603	1.599410531665602E-5
3.2979393717950134	1.6180903716853454E-5
3.3012739935876665	1.6518261886530938E-5
3.3046086153803196	1.6821286499520062E-5
3.3079432371729727	1.7071553604647296E-5
3.3112778589656258	1.7278107468104775E-5
3.314612480758279	1.7526090769524182E-5
3.317947102550932	1.7825000307010222E-5
3.321281724343585	1.8165416763360283E-5
3.324616346136238	1.8517358103232003E-5
3.3279509679288912	1.8777535749054857E-5
3.3312855897215443	1.9196542319297912E-5
3.3346202115141974	1.9517965457552517E-5
3.3379548333068505	1.9821081312685726E-5
3.3412894550995036	2.016305204329801E-5
3.3446240768921567	2.05148915893385E-5
3.3479586986848098	2.0872442658982148E-5
3.351293320477463	2.1199861250308387E-5
3.354627942270116	2.1566472029801978E-5
3.357962564062769	2.1303247148616394E-5
3.361297185855422	2.1832774686597596E-5
3.3646318076480752	2.2603045944769365E-5
3.3679664294407283	2.357111354769351E-5
3.3713010512333814	2.4469601224342947E-5
3.3746356730260345	2.522098651652814E-5
3.3779702948186876	2.579054457701296E-5
3.3813049166113407	2.626887437769706E-5
3.384639538403994	2.6683916964981412E-5
3.387974160196647	2.7101300010613175E-5
3.3913087819893	2.7548563596748353E-5
3.394643403781953	2.8027152969031757E-5
3.397978025574606	2.6497286022034877E-5
3.4013126473672592	2.4280674888354415E-5
3.4046472691599123	2.227167459483141E-5
3.4079818909525654	2.1387437246930588E-5
3.4113165127452185	2.1403906541711038E-5
3.4146511345378716	2.1804243385180906E-5
3.4179857563305247	2.2369418794480684E-5
3.421320378123178	2.2144827578211648E-5
3.424654999915831	2.1516836864331466E-5
3.427989621708484	2.1402108086092823E-5
3.431324243501137	2.168599460646366E-5
3.43465886529379	2.226538511904973E-5
3.4379934870864433	2.3011076004612797E-5
3.4413281088790963	2.375164691845497E-5
3.4446627306717494	2.4295498239960557E-5
3.4479973524644025	2.480504744150254E-5
3.4513319742570556	2.481909692402193E-5
3.4546665960497087	2.532552779161461E-5
3.458001217842362	2.535322753398919E-5
3.461335839635015	2.5971809064597445E-5
3.464670461427668	2.4422467520116673E-5
3.468005083220321	2.2295556441329678E-5
3.471339705012974	2.092610254479525E-5
3.4746743268056273	2.027049978098408E-5
3.4780089485982804	1.999552275274712E-5
3.4813435703909335	1.998027492507299E-5
3.4846781921835865	2.0054315630795963E-5
3.4880128139762396	2.0112701428349146E-5
3.4913474357688927	2.0184666268872188E-5
3.494682057561546	2.023396564675294E-5
3.498016679354199	2.0379864130478865E-5
3.501351301146852	2.075766078640554E-5
3.504685922939505	2.1276008710738366E-5
3.508020544732158	2.196213874441062E-5
3.5113551665248113	2.2618448955384678E-5
3.5146897883174644	2.088785309334378E-5
3.5180244101101175	2.314882664454495E-5
3.5213590319027706	2.4892475553818568E-5
3.5246936536954236	2.6014940651295885E-5
3.5280282754880767	2.8448954279725257E-5
3.53136289728073	3.8465806418413835E-5
3.534697519073383	5.398503703166972E-5
3.538032140866036	7.113806688612755E-5
3.541366762658689	8.922595666153764E-5
3.544701384451342	1.0827285071440908E-4
3.5480360062439953	1.2856512326837503E-4
3.5513706280366484	1.5037136275621496E-4
3.5547052498293015	1.7402956096570422E-4
3.5580398716219546	1.9988671831726602E-4
3.5613744934146077	2.2809003230867927E-4
3.5647091152072607	2.600603360920188E-4
3.568043736999914	2.9730355291288183E-4
3.571378358792567	3.4115540876088316E-4
3.57471298058522	3.9489490926662517E-4
3.578047602377873	4.6284724340468964E-4
3.581382224170526	5.522179158098319E-4
3.5847168459631793	6.617369708781601E-4
3.5880514677558324	7.816694479621113E-4
3.5913860895484855	9.105292717226168E-4
3.5947207113411386	0.0010504587350401362
3.5980553331337917	0.0012018981520224696
3.6013899549264448	0.0013643705647176454
3.604724576719098	1.9983920865245084E-4
3.608059198511751	6.207043781593886E-5
3.611393820304404	6.249122291690349E-5
3.614728442097057	4.2218100784587864E-5
3.61806306388971	6.449286525604533E-5
3.6213976856823633	6.418868800771955E-5
3.6247323074750164	3.490087559118238E-5
3.6280669292676695	2.2112022884218725E-5
3.6314015510603226	2.0220206017260888E-5
3.6347361728529757	1.9738086909922787E-5
3.6380707946456288	1.9810518543698108E-5
3.641405416438282	2.0460579576442154E-5
3.644740038230935	2.1516094552121834E-5
3.648074660023588	2.218603158305081E-5
3.651409281816241	2.224760136826864E-5
3.6547439036088942	2.2156282980439323E-5
3.6580785254015473	2.2188305035834328E-5
3.6614131471942004	2.2574981244561246E-5
3.6647477689868535	2.321645492449011E-5
3.6680823907795066	2.394907566253325E-5
3.6714170125721597	2.4525670337531384E-5
3.674751634364813	2.4883027915826987E-5
3.678086256157466	2.5140292290849236E-5
3.681420877950119	1.738521778046359E-5
3.684755499742772	1.573808963848518E-5
3.688090121535425	1.4992215535126591E-5
3.6914247433280782	1.4463041663924806E-5
3.6947593651207313	1.4586650743892993E-5
3.6980939869133844	1.5010334399820853E-5
3.7014286087060375	1.545034639604809E-5
3.7047632304986906	1.56721343036838E-5
3.7080978522913437	1.564100581493762E-5
3.711432474083997	1.5601155924114984E-5
3.71476709587665	1.5698386920787935E-5
3.718101717669303	1.5963027789220526E-5
3.721436339461956	1.5935087340393428E-5
3.724770961254609	1.5761259780081687E-5
3.7281055830472623	1.6088739029758714E-5
3.7314402048399153	1.6251856362842476E-5
3.7347748266325684	1.65606077394877E-5
3.7381094484252215	1.6738485143361825E-5
3.7414440702178746	1.691988639493597E-5
3.7447786920105277	1.7087320819851026E-5
3.748113313803181	1.7202998942738667E-5
3.751447935595834	1.6502751581818265E-5
3.754782557388487	1.4871197588775445E-5
3.75811717918114	1.3914477473548227E-5
3.761451800973793	1.3413320428717199E-5
3.7647864227664463	1.2998678719874086E-5
3.7681210445590994	1.2765085063064647E-5
3.7714556663517524	1.2741370324442736E-5
3.7747902881444055	1.2792484294237217E-5
3.7781249099370586	1.2862209100447274E-5
3.7814595317297117	1.2940762387755111E-5
3.784794153522365	1.30803817968347E-5
3.788128775315018	1.3281179010692227E-5
3.791463397107671	1.352754817131666E-5
3.794798018900324	1.378442113875346E-5
3.798132640692977	1.4020505747438321E-5
3.8014672624856303	1.422108363221882E-5
3.8048018842782834	1.4398513086610793E-5
3.8081365060709365	1.4576973111824721E-5
3.8114711278635895	1.4772538703225271E-5
3.8148057496562426	1.4986711527997774E-5
3.8181403714488957	1.5209782442339032E-5
3.821474993241549	1.543051784351475E-5
3.824809615034202	1.564611137882884E-5
3.828144236826855	1.5862670235398426E-5
3.831478858619508	1.5365415999733504E-5
3.834813480412161	1.543010622387432E-5
3.8381481022048143	1.554161785090575E-5
3.8414827239974674	1.574767543622266E-5
3.8448173457901205	1.5935669219988306E-5
3.8481519675827736	1.614314905029072E-5
3.8514865893754267	1.6335969733387817E-5
3.8548212111680797	1.650145302014155E-5
3.858155832960733	1.6657988890558958E-5
3.861490454753386	1.6803524584946827E-5
3.864825076546039	1.6952608699677132E-5
3.868159698338692	1.709000663291075E-5
3.871494320131345	1.7266088648706072E-5
3.8748289419239983	1.744613181625622E-5
3.8781635637166514	1.764206569605048E-5
3.8814981855093045	1.788300348184322E-5
3.8848328073019576	1.8038736035149796E-5
3.8881674290946107	1.8177150173990433E-5
3.8915020508872638	1.83830357335832E-5
3.894836672679917	1.8627678952042604E-5
3.89817129447257	1.889949268412276E-5
3.901505916265223	1.917963728125572E-5
3.904840538057876	1.9470545172815842E-5
3.908175159850529	1.9759222753160103E-5
3.9115097816431823	2.0060722299473174E-5
3.9148444034358354	2.0375507179246433E-5
3.9181790252284885	2.0486805851945696E-5
3.9215136470211416	2.066026323574815E-5
3.9248482688137947	2.0805423235152916E-5
3.9281828906064478	2.103013111164293E-5
3.931517512399101	2.130781931802968E-5
3.934852134191754	2.164479302048081E-5
3.938186755984407	2.201934814594695E-5
3.94152137777706	2.237942369086216E-5
3.9448559995697132	2.2721172309400456E-5
3.9481906213623663	2.3045465520034955E-5
3.9515252431550194	2.3379362190459523E-5
3.9548598649476725	2.3741374824045647E-5
3.9581944867403256	2.4132346052664336E-5
3.9615291085329787	2.453928858074758E-5
3.9648637303256318	2.4946672399934876E-5
3.968198352118285	2.5347001116191774E-5
3.971532973910938	2.5747691194768067E-5
3.974867595703591	2.6125040294122322E-5
3.978202217496244	2.6498709411211103E-5
3.9815368392888972	2.643498441327586E-5
3.9848714610815503	2.6829739153641665E-5
3.9882060828742034	2.7349627928680015E-5
3.9915407046668565	2.7863068212037327E-5
3.9948753264595096	2.8179085416020244E-5
3.9982099482521627	2.864855058915697E-5
4.001544570044382	2.9164022850257623E-5
4.004879191836099	2.9727985545774342E-5
4.008213813627815	3.02902080421969E-5
4.011548435419532	3.080278807293711E-5
4.014883057211248	3.130470028673783E-5
4.018217679002965	3.1823061485773047E-5
4.021552300794681	3.238042908799774E-5
4.024886922586398	3.299039919082241E-5
4.028221544378114	3.363686940446158E-5
4.031556166169831	3.419568784491137E-5
4.034890787961547	3.466311591570185E-5
4.038225409753264	3.5200054979747766E-5
4.0415600315449804	2.6319439303999838E-5
4.044894653336697	2.147481003668329E-5
4.0482292751284135	2.0676324465883194E-5
4.05156389692013	1.990879775225374E-5
4.0548985187118465	2.0655922800799158E-5
4.058233140503563	2.1232566442644373E-5
4.0615677622952795	2.165501575109007E-5
4.064902384086996	2.1830161287447522E-5
4.0682370058787125	2.1902790612414022E-5
4.071571627670429	1.948485547877938E-5
4.0749062494621455	1.9270609296593956E-5
4.078240871253862	1.8882221204361922E-5
4.0815754930455785	1.8427590977338875E-5
4.084910114837295	1.8611812031827825E-5
4.0882447366290116	1.898055309843112E-5
4.091579358420728	1.9330369464877884E-5
4.094913980212445	1.9619542567462895E-5
4.098248602004161	1.9903579327495903E-5
4.101583223795878	2.017737857639813E-5
4.104917845587594	2.0488356541607464E-5
4.108252467379311	2.0808767385153805E-5
4.111587089171027	2.112328920758403E-5
4.114921710962744	2.143371132972397E-5
4.11825633275446	2.173070074163559E-5
4.121590954546177	2.18731354512235E-5
4.124925576337893	2.2127751419803313E-5
4.12826019812961	2.220268060626398E-5
4.131594819921326	2.2310120542315E-5
4.134929441713043	2.2551076422431366E-5
4.138264063504759	2.2807424585363352E-5
4.141598685296476	2.301896816969945E-5
4.144933307088192	2.3149445130676108E-5
4.148267928879909	2.3236004121407323E-5
4.151602550671625	1.9710224097012888E-5
4.154937172463342	1.8603342035903304E-5
4.158271794255058	1.7428786694050452E-5
4.161606416046775	1.6738348161280958E-5
4.164941037838491	1.643869361468399E-5
4.168275659630208	1.5932506638161666E-5
4.171610281421924	1.501583299106708E-5
4.174944903213641	1.4036784560399382E-5
4.178279525005357	1.3389846744595672E-5
4.181614146797074	1.3042980371991055E-5
4.18494876858879	1.291502303853552E-5
4.188283390380507	1.2953893629223782E-5
4.191618012172223	1.3006718712385439E-5
4.19495263396394	1.3070254902662312E-5
4.198287255755656	1.309271610753837E-5
4.201621877547373	1.3056468633805293E-5
4.204956499339089	1.3103835870052855E-5
4.208291121130806	1.3273524965339304E-5
4.211625742922522	1.3538176729445646E-5
4.214960364714239	1.3788029823043541E-5
4.218294986505955	1.3967663920012448E-5
4.221629608297672	1.4092293197008145E-5
4.224964230089388	1.4176275261617146E-5
4.228298851881105	1.427611818521517E-5
4.231633473672821	1.4403602647174926E-5
4.234968095464538	1.4553007592806742E-5
4.238302717256254	1.4716069289057588E-5
4.241637339047971	1.488236118875244E-5
4.244971960839687	1.1944810397196541E-5
4.248306582631404	9.294290272111453E-6
4.25164120442312	8.264939009512867E-6
4.254975826214837	7.6681952940338E-6
4.2583104480065535	7.401510165465579E-6
4.26164506979827	7.325259186405662E-6
4.2649796915899865	7.321862513603706E-6
4.268314313381703	7.275340454377226E-6
4.2716489351734195	7.206401120774836E-6
4.274983556965136	7.190022246342977E-6
4.2783181787568525	7.233777611665403E-6
4.281652800548569	7.329544421615411E-6
4.2849874223402855	7.445532961062545E-6
4.288322044132002	7.550615274123848E-6
4.2916566659237185	7.636540063975458E-6
4.294991287715435	7.714054207114847E-6
4.2983259095071515	7.799121157770814E-6
4.301660531298868	7.899394813571495E-6
4.304995153090585	8.012563972010916E-6
4.308329774882301	8.130031295534442E-6
4.311664396674018	8.243529442047077E-6
4.314999018465734	8.350684331087695E-6
4.318333640257451	8.341590511950573E-6
4.321668262049167	8.289549037156486E-6
4.325002883840884	8.422495301654618E-6
4.3283375056326	8.616891159762085E-6
4.331672127424317	8.846085731404641E-6
4.335006749216033	9.054238808671483E-6
4.33834137100775	9.215149146991817E-6
4.341675992799466	9.346436929821046E-6
4.345010614591183	9.474931989761856E-6
4.348345236382899	9.611458484083007E-6
4.351679858174616	9.753698599916193E-6
4.355014479966332	9.900369688415236E-6
4.358349101758049	1.0041990236468152E-5
4.361683723549765	1.017232869507397E-5
4.365018345341482	1.029828284411588E-5
4.368352967133198	1.0429378102353317E-5
4.371687588924915	1.0571679811088259E-5
4.375022210716631	1.0723696031287899E-5
4.378356832508348	1.0879559906667319E-5
4.381691454300064	1.1035667520535485E-5
4.385026076091781	1.1190706922186475E-5
4.388360697883497	1.1346384035036681E-5
4.391695319675214	1.1505922317514818E-5
4.39502994146693	1.1670953759869081E-5
4.398364563258647	1.1840781736938305E-5
4.401699185050363	1.2013439054475773E-5
4.40503380684208	1.2187302534389303E-5
4.408368428633796	1.235609542190937E-5
4.411703050425513	1.2529341658344636E-5
4.415037672217229	1.270593675507773E-5
4.418372294008946	1.2888293220073579E-5
4.421706915800662	1.307379208343731E-5
4.425041537592379	1.3254467030612556E-5
4.428376159384095	1.3427127455883667E-5
4.431710781175812	1.3603370497978744E-5
4.435045402967528	1.378860759585979E-5
4.438380024759245	1.3984262356426008E-5
4.441714646550961	1.4186428017831562E-5
4.445049268342678	1.439057547483678E-5
4.448383890134394	1.459422654247867E-5
4.451718511926111	1.4798079949990497E-5
4.455053133717827	1.5005037170140456E-5
4.458387755509544	1.5217828407366828E-5
4.46172237730126	1.543748653384395E-5
4.465056999092977	1.5663046086574917E-5
4.468391620884693	1.589260537133873E-5
4.47172624267641	1.6124764564436342E-5
4.4750608644681265	1.5365429979740458E-5
4.478395486259843	1.3822593394292917E-5
4.4817301080515595	1.3153371795424687E-5
4.485064729843276	1.3268912884539099E-5
4.4883993516349925	1.3334008454553773E-5
4.491733973426709	1.3409536191798696E-5
4.4950685952184255	1.3663923837686018E-5
4.498403217010142	1.3947461109176541E-5
4.5017378388018585	1.4242409209643494E-5
4.505072460593575	1.447612168405981E-5
4.5084070823852915	1.462908000730344E-5
4.511741704177008	1.476796756068816E-5
4.5150763259687245	1.4930837127384362E-5
4.518410947760441	1.5141515665644972E-5
4.521745569552158	1.5357915236974047E-5
4.525080191343874	1.555228507529275E-5
4.528414813135591	1.5737396586147696E-5
4.531749434927307	1.59162510618062E-5
4.535084056719024	1.6094875349934483E-5
4.53841867851074	1.608410568557127E-5
4.541753300302457	1.4464577866826722E-5
4.545087922094173	1.3748814385558638E-5
4.54842254388589	1.3516910733199666E-5
4.551757165677606	1.3604736428018415E-5
4.555091787469323	1.3845938709304688E-5
4.558426409261039	1.4079582085001187E-5
4.561761031052756	1.396223458541233E-5
4.565095652844472	1.3868558577349154E-5
4.568430274636189	1.3971201460679331E-5
4.571764896427905	1.4145540216028042E-5
4.575099518219622	1.4358323123082108E-5
4.578434140011338	1.4570976408499297E-5
4.581768761803055	1.4769311076913083E-5
4.585103383594771	1.4947521911214692E-5
4.588438005386488	1.5122776697192266E-5
4.591772627178204	1.5305867406027613E-5
4.595107248969921	1.550225335193938E-5
4.598441870761637	1.571339517462326E-5
4.601776492553354	1.5932066674541372E-5
4.60511111434507	1.6151409460663822E-5
4.608445736136787	1.63679351819378E-5
4.611780357928503	1.6585218910649625E-5
4.61511497972022	1.6810543561883594E-5
4.618449601511936	1.7049149728057527E-5
4.621784223303653	1.7255235528488165E-5
4.625118845095369	1.7461529052343703E-5
4.628453466887086	1.7702330135360676E-5
4.631788088678802	1.79334777578998E-5
4.635122710470519	1.8200833160682747E-5
4.638457332262235	1.8445651133072174E-5
4.641791954053952	1.8700915959973817E-5
4.645126575845668	1.8971613202664588E-5
4.648461197637385	1.9236886437757947E-5
4.651795819429101	1.948795921644082E-5
4.655130441220818	1.976511862812873E-5
4.658465063012534	2.0077541296015587E-5
4.661799684804251	2.0417012937942545E-5
4.665134306595967	2.077614933253598E-5
4.668468928387684	2.1141512073630308E-5
4.6718035501794	2.1506680553140837E-5
4.675138171971117	2.187155820935578E-5
4.678472793762833	2.2243790967529203E-5
4.68180741555455	2.2630854305353007E-5
4.685142037346266	2.3035658805362886E-5
4.688476659137983	2.3456237329237213E-5
4.6918112809296995	2.3894442159704008E-5
4.695145902721416	2.4303639770251283E-5
4.6984805245131325	2.4516595278768495E-5
4.701815146304849	2.4730139101436084E-5
4.7051497680965655	2.5069491851291016E-5
4.708484389888282	2.5537653051024607E-5
4.7118190116799985	2.6051521821698666E-5
4.715153633471715	2.653250579529969E-5
4.7184882552634315	2.6946707260336945E-5
4.721822877055148	2.735136842114203E-5
4.7251574988468645	2.780149133747126E-5
4.728492120638581	2.8321039263663795E-5
4.7318267424302975	2.8894482544499853E-5
4.735161364222014	2.948776123744499E-5
4.738495986013731	3.0078353443718834E-5
4.741830607805447	3.06639492822023E-5
4.745165229597164	3.125907303776765E-5
4.74849985138888	3.188052545445043E-5
4.751834473180597	3.253704486937426E-5
4.755169094972313	3.3226384975588066E-5
4.75850371676403	3.394003531991992E-5
4.761838338555746	3.4670620481981474E-5
4.765172960347463	3.541721365352072E-5
4.768507582139179	3.6185629303909466E-5
4.771842203930896	3.698377241490485E-5
4.775176825722612	3.781678661476022E-5
4.778511447514329	3.868541845472913E-5
4.781846069306045	3.958761569098097E-5
4.785180691097762	4.052185008205479E-5
4.788515312889478	4.1489728661497E-5
4.791849934681195	4.244419862206616E-5
4.795184556472911	4.3429870277225915E-5
4.798519178264628	4.442208390398082E-5
4.801853800056344	4.5319027130104564E-5
4.805188421848061	4.5508955268267394E-5
4.808523043639777	4.539923808801786E-5
4.811857665431494	3.262360724212645E-5
4.81519228722321	2.579715434617035E-5
4.818526909014927	2.6022327182490264E-5
4.821861530806643	2.542519684823101E-5
4.82519615259836	2.593015456749326E-5
4.828530774390076	2.658974718831285E-5
4.831865396181793	2.7293452797383434E-5
4.835200017973509	2.7373612177024622E-5
4.838534639765226	2.7089547415129567E-5
4.841869261556942	2.6559086152010382E-5
4.845203883348659	2.658693715361539E-5
4.848538505140375	2.686399945780609E-5
4.851873126932092	2.7239103638053896E-5
4.855207748723808	2.5703437919940193E-5
4.858542370515525	2.5957557135511027E-5
4.861876992307241	2.625898849413077E-5
4.865211614098958	2.6598835347244568E-5
4.868546235890674	2.7094368884494323E-5
4.871880857682391	2.7916246357312515E-5
4.875215479474107	2.863422661520096E-5
4.878550101265824	2.9125162123594385E-5
4.88188472305754	2.937642704139287E-5
4.885219344849257	2.954669191840045E-5
4.888553966640973	2.981328770236839E-5
4.89188858843269	3.0250124460238827E-5
4.895223210224406	3.083970818673512E-5
4.898557832016123	3.145207983488452E-5
4.9018924538078394	3.19976721391503E-5
4.905227075599556	3.24676524636352E-5
4.9085616973912725	3.2911479246758296E-5
4.911896319182989	3.3385939732336306E-5
4.9152309409747055	3.391645465853328E-5
4.918565562766422	3.449103989567792E-5
4.9219001845581385	3.507709256840872E-5
4.925234806349855	3.5605155109092266E-5
4.9285694281415715	3.612754900011602E-5
4.931904049933288	3.657642316268434E-5
4.9352386717250045	3.708191864335864E-5
4.938573293516721	3.7610660547496E-5
4.9419079153084375	3.810042916205812E-5
4.945242537100154	3.857731577614975E-5
4.9485771588918706	3.8983599130041676E-5
4.951911780683587	3.9488796583047116E-5
4.955246402475304	4.010143287200443E-5
4.95858102426702	3.821189529412273E-5
4.961915646058737	3.686092321384492E-5
4.965250267850453	3.5683047895977234E-5
4.96858488964217	3.525653095003481E-5
4.971919511433886	3.491128205704426E-5
4.975254133225603	3.442022785751852E-5
4.978588755017319	3.449833676846166E-5
4.981923376809036	3.458928282526702E-5
4.985257998600752	3.458563104159763E-5
4.988592620392469	3.458051887600628E-5
4.991927242184185	3.476788243926791E-5
4.995261863975902	3.502383542569E-5
4.998596485767618	3.524330692650621E-5
