0.0033330406538175155	0.001419680739149533
0.00666766244646512	0.005680069663087776
0.010002284239111522	0.012781166851641072
0.013336906031757297	0.02272297230480986
0.016671527824403072	0.035505486022584416
0.020006149617048847	0.051128708004971414
0.02334077140969462	0.06959263825197023
0.026675393202340397	0.090714757090766
0.03001001499498617	0.11486083807642816
0.03334463678763654	0.14167760531654278
0.036679258580289635	0.17128970903524365
0.04001388037294273	0.2035073987006817
0.04334850216559582	0.23836346595688196
0.04668312395824891	0.27606024147771124
0.050017745750902	0.31659772526317714
0.053352367543555095	0.3599759173133819
0.056686989336208186	0.4061948176282894
0.06002161112886128	0.4552544262078536
0.06335623292151436	0.5069016643753848
0.06669085471416746	0.5612499638236605
0.07002547650682055	0.6180919055291184
0.07336009829947364	0.6776294407753337
0.07669472009212673	0.7400718833959686
0.08002934188477982	0.8047363913672021
0.08336396367743291	0.8725209426481569
0.086698585470086	0.9420448558971114
0.0900332072627391	1.014136737679314
0.09336782905539219	1.0884397568708475
0.09670245084804528	1.165219670028566
0.10003707264069837	1.244080506506639
0.10337169443335147	1.3255699159009653
0.10670631622600456	1.4017459901420422
0.11004093801865765	1.4921693869482786
0.11337555981131074	1.581754323383766
0.11671018160396383	1.6706736095125487
0.12004480339661693	1.7647636710594037
0.12337942518927002	1.8533015296160134
0.1267140469819231	1.929161447227063
0.1300486687745762	2.0274615407048766
0.13338329056722928	2.122163618543744
0.13671791235988237	2.222018884514319
0.14005253415253546	2.326250274680002
0.14338715594518855	2.4294209947477245
0.14672177773784165	2.5128823634095063
0.15005639953049474	2.6308216664034227
0.15339102132314783	2.7275539573472964
0.15672564311580092	2.8503351555155563
0.16006026490845401	2.9578536848562913
0.1633948867011071	3.058940481064851
0.1667295084937602	3.1721912127792837
0.1700641302864133	3.2890361332322087
0.17339875207906638	3.404658299726234
0.17673337387171947	3.5171059397520406
0.18006799566437257	3.650567337330312
0.18340261745702566	3.749418472104285
0.18673723924967875	3.8323229098254488
0.19007186104233184	3.954938123667521
0.19340648283498493	4.059472253670015
0.19674110462763802	4.181977651569798
0.20007572642029112	4.286726972285159
0.2034103482129442	4.400696060613351
0.2067449700055973	4.521569484502412
0.2100795917982504	4.640033029661927
0.21341421359090348	4.749786576971576
0.21674883538355658	4.863429811853074
0.22008345717620967	4.980632487747492
0.22341807896886276	5.070741328490857
0.22675270076151585	5.16627669218287
0.23008732255416894	5.263659725940912
0.23342194434682204	5.413090182869177
0.23675656613947513	5.508450367340886
0.24009118793212822	5.6073597782838105
0.2434258097247813	5.754417937922417
0.2467604315174344	5.864229608113527
0.25009505331008747	5.934367147932915
0.25342967510274056	6.053735517939867
0.25676429689539365	6.155704604916657
0.26009891868804674	6.240573373479677
0.26343354048069983	6.268740075087399
0.2667681622733529	6.3677106601491085
0.270102784066006	6.430913411908544
0.2734374058586591	6.508116296480845
0.2767720276513122	6.601069557439784
0.2801066494439653	6.658143444760577
0.2834412712366184	6.724431806540982
0.2867758930292715	6.767651038220163
0.29011051482192457	6.812397855156482
0.29344513661457766	6.879099170127184
0.29677975840723075	6.937694424485604
0.30011438019988385	7.07210432626464
0.30344900199253694	7.145860632582911
0.30678362378519003	7.23372621025749
0.3101182455778431	7.319863722840046
0.3134528673704962	7.407669077136391
0.3167874891631493	7.51676152721709
0.3201221109558024	7.596173633996615
0.3234567327484555	7.667785134677564
0.3267913545411086	7.711074024681311
0.3301259763337617	7.799511121098625
0.33346059812641476	7.820874297215551
0.33679521991906786	7.8544978151468525
0.34012984171172095	7.8403413069678605
0.34346446350437404	7.874865692756803
0.34679908529702713	7.892274171187328
0.3501337070896802	7.92384960810925
0.3534683288823333	7.964645538344696
0.3568029506749864	8.023761909082184
0.3601375724676395	8.07936328760219
0.3634721942602926	8.160602010688786
0.3668068160529457	8.15595081920118
0.3701414378455988	8.130936166854319
0.37347605963825187	8.05340250568912
0.37681068143090496	7.993708305556109
0.38014530322355805	7.96454334954423
0.38347992501621114	7.9713418484274285
0.38681454680886423	7.994337246199331
0.3901491686015173	8.016141505491113
0.3934837903941704	8.028962358308542
0.3968184121868235	7.983201694697492
0.4001530339794766	7.958323533196905
0.4034876557721297	7.939777121463621
0.4068222775647828	7.894454425959106
0.4101568993574359	7.739803415740389
0.41349152115008897	7.626825789418964
0.41682614294274206	7.528666089823112
0.42016076473539515	7.394117830161745
0.42349538652804825	7.170047922198191
0.42683000832070134	7.0226923504816705
0.43016463011335443	6.937024108113988
0.4334992519060075	6.662699278127604
0.4368338736986606	6.564914999264256
0.4401684954913137	6.459986416123133
0.4435031172839668	6.409853904906376
0.4468377390766199	6.374800280192123
0.450172360869273	6.270128684076288
0.4535069826619261	6.131610842875361
0.45684160445457916	6.032311381788465
0.46017622624723226	5.638951160290619
0.46351084803988535	5.364896945578551
0.46684546983253844	5.01852026151426
0.47018009162519153	4.331778323744323
0.4735147134178446	3.9721330565749535
0.4768493352104977	3.5240653308729564
0.4801839570031508	3.2207973830604124
0.4835185787958039	2.977006713069309
0.486853200588457	2.6540603392299906
0.4901878223811101	2.396754965301172
0.4935224441737632	2.139666748273604
0.49685706596641627	1.6267557224912477
0.5001916877590693	1.1235235985220764
0.5035263095517224	0.7706945688048898
0.5068609313443755	0.5085171838206642
0.5101955531370286	0.45382157732486916
0.5135301749296817	0.3490428932462865
0.5168647967223348	0.26836329394095076
0.5201994185149879	0.2257776630336826
0.523534040307641	0.1879038131914716
0.526868662100294	0.16516867806906477
0.5302032838929471	0.13735887804940042
0.5335379056856002	0.14364073411269518
0.5368725274782533	0.13397381434503183
0.5402071492709064	0.1258939524476084
0.5435417710635595	0.12762316224380177
0.5468763928562126	0.1151192196051088
0.5502110146488657	0.11073556485953795
0.5535456364415188	0.1061086044557668
0.5568802582341719	0.1060008080247635
0.560214880026825	0.10255162357666785
0.563549501819478	0.08876586698219688
0.5668841236121311	0.08745876379168928
0.5702187454047842	0.08794958044948702
0.5735533671974373	0.061528525256359275
0.5768879889900904	0.05540357845253384
0.5802226107827435	0.047170863421158095
0.5835572325753966	0.04142883699068318
0.5868918543680497	0.04110139381988663
0.5902264761607028	0.040490417846986704
0.5935610979533559	0.04099607228315829
0.596895719746009	0.04255135785133214
0.6002303415386621	0.03939425069725502
0.6035649633313152	0.03540912312302452
0.6068995851239682	0.034921848927022686
0.6102342069166213	0.0338420735024413
0.6135688287092744	0.034194596896476366
0.6169034505019275	0.03121148823018224
0.6202380722945806	0.031200763107412613
0.6235726940872337	0.028394034856921144
0.6269073158798868	0.025741559264091593
0.6302419376725399	0.02127521203738501
0.633576559465193	0.019162371147581927
0.6369111812578461	0.01874880117001293
0.6402458030504992	0.017555308575916962
0.6435804248431523	0.018003113732722485
0.6469150466358053	0.019079908363075996
0.6502496684284584	0.02008233066744886
0.6535842902211115	0.020946691569406796
0.6569189120137646	0.018352769004610508
0.6602535338064177	0.018434296601785582
0.6635881555990708	0.018503799143958197
0.6669227773917239	0.018091002566764627
0.670257399184377	0.017533678595329786
0.6735920209770301	0.016791615142544875
0.6769266427696832	0.017410886568373325
0.6802612645623363	0.01842617630476874
0.6835958863549894	0.019453658648131318
0.6869305081476424	0.021032673127315767
0.6902651299402955	0.01409022031184127
0.6935997517329486	0.01285891408075549
0.6969343735256017	0.00935290764106109
0.7002689953182548	0.008943197734809083
0.7036036171109079	0.00893385660105569
0.706938238903561	0.00978254333667262
0.7102728606962141	0.010421206526361262
0.7136074824888672	0.011694546161189876
0.7169421042815203	0.010588600509293679
0.7202767260741734	0.009981267495026291
0.7236113478668265	0.009932201699675066
0.7269459696594796	0.0098710849174962
0.7302805914521326	0.009950714429375625
0.7336152132447857	0.010431268381843686
0.7369498350374388	0.01081191689462707
0.7402844568300919	0.011292242566185308
0.743619078622745	0.011880061101186348
0.7469537004153981	0.012524498846441199
0.7502883222080512	0.01329857376849426
0.7536229440007043	0.013945543375650541
0.7569575657933574	0.014281937815524138
0.7602921875860105	0.014462252527370096
0.7636268093786636	0.010295716122867195
0.7669614311713167	0.009535584290991507
0.7702960529639697	0.00940876858230262
0.7736306747566228	0.009485041230071002
0.7769652965492759	0.0070975011135038174
0.780299918341929	0.006295125872161293
0.7836345401345821	0.006501847040133876
0.7869691619272352	0.006535712397249939
0.7903037837198883	0.00666111709845836
0.7936384055125414	0.006058253373755138
0.7969730273051945	0.0066143794420620355
0.8003076490978476	0.006392215036573627
0.8036422708905007	0.005590556048577675
0.8069768926831538	0.005532861620178136
0.8103115144758068	0.005910109568191272
0.8136461362684599	0.005576383632524477
0.816980758061113	0.005354548200711964
0.8203153798537661	0.005211633196430584
0.8236500016464192	0.004965264848661877
0.8269846234390723	0.004846954902116642
0.8303192452317254	0.004909832381830549
0.8336538670243785	0.003939404207385498
0.8369884888170316	0.00335648595059681
0.8403231106096847	0.0032356691115964
0.8436577324023378	0.003174532994893556
0.8469923541949909	0.0032128014462719182
0.850326975987644	0.0029506877993979493
0.853661597780297	0.002709491351351097
0.8569962195729501	0.002195748331089877
0.8603308413656032	0.002139746935725827
0.8636654631582563	0.0020323659732601625
0.8670000849509094	0.002041946194104982
0.8703347067435625	0.0022588347553453357
0.8736693285362156	0.0021695860145967186
0.8770039503288687	0.0020554497570775053
0.8803385721215218	0.0021742916947234503
0.8836731939141749	0.0022044139362443265
0.887007815706828	0.002148198918216688
0.890342437499481	0.002072454354523362
0.8936770592921341	0.002043522473529367
0.8970116810847872	0.002109370332775321
0.9003463028774403	0.002135374322071602
0.9036809246700934	0.0022498692581165917
0.9070155464627465	0.002352524177103446
0.9103501682553996	0.00245194608913008
0.9136847900480527	0.0025270824222768653
0.9170194118407058	0.00254509467373078
0.9203540336333589	0.0026376436185109025
0.923688655426012	0.002712469769718477
0.9270232772186651	0.002726479066265976
0.9303578990113182	0.0028173597382665353
0.9336925208039712	0.0029750098906521595
0.9370271425966243	0.002243959176394355
0.9403617643892774	0.002010050692906251
0.9436963861819305	0.0018614493974646205
0.9470310079745836	0.0016135059450828751
0.9503656297672367	0.0012833856687634111
0.9537002515598898	0.00120737866444636
0.9570348733525429	0.0011436675068799914
0.960369495145196	0.0010533287415105536
0.9637041169378491	0.001036332579351409
0.9670387387305022	0.0010308484060436926
0.9703733605231553	0.0010486836722768465
0.9737079823158084	0.0010845558782826325
0.9770426041084614	0.0011572247552079546
0.9803772259011145	0.0012339936075241855
0.9837118476937676	0.0013506548510175184
0.9870464694864207	0.0013957044335083906
0.9903810912790738	0.0014595505835838715
0.9937157130717269	0.0014856598296145572
0.99705033486438	0.0015268245228682714
1.000384956657033	0.0016060881010204182
1.0037195784496862	0.00169238522422178
1.0070542002423393	0.00179397888517595
1.0103888220349924	0.0017708607274992676
1.0137234438276455	0.0017631817531797694
1.0170580656202985	0.001643162830532253
1.0203926874129516	0.0014103019206601355
1.0237273092056047	0.0012812990071783318
1.0270619309982578	0.00118234281936696
1.030396552790911	0.0010984824707243306
1.033731174583564	0.0010741442552520467
1.037065796376217	0.0010827559307766744
1.0404004181688702	0.0010712258130637735
1.0437350399615233	0.001074437487602277
1.0470696617541764	0.0010878082939989873
1.0504042835468295	0.0010855255071256997
1.0537389053394826	0.001092103816029147
1.0570735271321356	0.0010867013345041959
1.0604081489247887	0.0010795879883456574
1.0637427707174418	0.0010066659849314985
1.067077392510095	9.033855511292155E-4
1.070412014302748	7.847940896396525E-4
1.073746636095401	6.87293665624351E-4
1.0770812578880542	5.896635786723561E-4
1.0804158796807073	5.546454284927571E-4
1.0837505014733604	5.542096774394542E-4
1.0870851232660135	5.566028893365753E-4
1.0904197450586666	5.473630027130202E-4
1.0937543668513197	5.298883974956414E-4
1.0970889886439728	5.237668840436081E-4
1.1004236104366258	5.209107678488911E-4
1.103758232229279	5.291438123197543E-4
1.107092854021932	5.497868549585878E-4
1.1104274758145851	5.717317579508654E-4
1.1137620976072382	6.027035775214261E-4
1.1170967193998913	6.348960668658767E-4
1.1204313411925444	6.181699381292859E-4
1.1237659629851975	5.797533270571603E-4
1.1271005847778506	5.652698707707225E-4
1.1304352065705037	5.071348610867217E-4
1.1337698283631568	4.594602991644076E-4
1.1371044501558099	4.076698831855564E-4
1.140439071948463	3.5770705770724715E-4
1.143773693741116	3.1740718588386604E-4
1.1471083155337691	2.918197924893273E-4
1.1504429373264222	2.767714876942085E-4
1.1537775591190753	2.685776087867156E-4
1.1571121809117284	2.641439849193546E-4
1.1604468027043815	2.69130781638919E-4
1.1637814244970346	2.8374104306580126E-4
1.1671160462896877	2.9805282640936004E-4
1.1704506680823408	2.770386411758126E-4
1.1737852898749939	2.684457776521719E-4
1.177119911667647	2.6347440160780347E-4
1.1804545334603	2.47444692774568E-4
1.1837891552529531	2.4499551764659906E-4
1.1871237770456062	2.452810921501839E-4
1.1904583988382593	2.4845917791671497E-4
1.1937930206309124	2.608231751648722E-4
1.1971276424235655	2.813376057989679E-4
1.2004622642162186	2.9246813554227916E-4
1.2037968860088717	3.0242236545223965E-4
1.2071315078015248	3.118243862530358E-4
1.2104661295941779	3.2378292653314366E-4
1.213800751386831	3.408864058759181E-4
1.217135373179484	3.6477101026631396E-4
1.2204699949721372	3.8721587524686115E-4
1.2238046167647902	3.847950670323747E-4
1.2271392385574433	3.908397406995674E-4
1.2304738603500964	3.979917627696582E-4
1.2338084821427495	4.1558502030853366E-4
1.2371431039354026	4.190086002769811E-4
1.2404777257280557	3.908102376001636E-4
1.2438123475207088	3.7984971171868884E-4
1.2471469693133619	3.0280160635109943E-4
1.250481591106015	2.129461851065888E-4
1.253816212898668	1.7396081171785002E-4
1.2571508346913212	1.7201923302535412E-4
1.2604854564839743	1.6923221117456268E-4
1.2638200782766273	1.6615863028572895E-4
1.2671547000692804	1.5750426969627124E-4
1.2704893218619335	1.5730967177689828E-4
1.2738239436545866	1.5929812589550143E-4
1.2771585654472397	1.544484644066483E-4
1.2804931872398928	1.5187335793318397E-4
1.283827809032546	1.5720926913865814E-4
1.287162430825199	1.5175582261373969E-4
1.290497052617852	1.3801915786636947E-4
1.2938316744105052	1.4554245087251375E-4
1.2971662962031583	1.5179100578365787E-4
1.3005009179958114	1.4913678912715247E-4
1.3038355397884644	1.4837098183225405E-4
1.3071701615811175	1.4478973082921243E-4
1.3105047833737706	1.28202702550783E-4
1.3138394051664237	1.0565675084405313E-4
1.3171740269590768	8.853023725663604E-5
1.32050864875173	8.541635266820362E-5
1.323843270544383	8.811266773897085E-5
1.327177892337036	9.240634185050143E-5
1.3305125141296892	9.489672462572723E-5
1.3338471359223423	9.910667960097475E-5
1.3371817577149954	1.0448061631365906E-4
1.3405163795076485	1.1023694340331988E-4
1.3438510013003016	1.1506747962750667E-4
1.3471856230929546	1.1974794785721113E-4
1.3505202448856077	1.2431602752114947E-4
1.3538548666782608	1.2247972707761284E-4
1.357189488470914	1.2194511606763555E-4
1.360524110263567	1.2183633970268793E-4
1.36385873205622	1.2473203237812257E-4
1.3671933538488732	1.3086700423994347E-4
1.3705279756415263	1.3554095109137324E-4
1.3738625974341794	1.357337612265619E-4
1.3771972192268325	1.329282851394265E-4
1.3805318410194856	1.303186602465484E-4
1.3838664628121387	1.2630496056191843E-4
1.3872010846047917	1.2082221594092946E-4
1.3905357063974448	1.1947021169502497E-4
1.393870328190098	1.1945982294404061E-4
1.397204949982751	1.0915396022398717E-4
1.4005395717754041	9.077856191487523E-5
1.4038741935680572	8.136323268097835E-5
1.4072088153607103	7.7344446877814E-5
1.4105434371533634	7.887612316022168E-5
1.4138780589460165	8.555904228618134E-5
1.4172126807386696	9.301008084204849E-5
1.4205473025313227	1.0011474804301583E-4
1.4238819243239758	1.0702123816443185E-4
1.4272165461166288	1.1297426753970201E-4
1.430551167909282	1.183259630590374E-4
1.433885789701935	1.2377117874275907E-4
1.4372204114945881	1.2874073306861326E-4
1.4405550332872412	1.2959534046275077E-4
1.4438896550798943	1.2973625790859775E-4
1.4472242768725474	1.3554628421304774E-4
1.4505588986652005	1.3903846735299302E-4
1.4538935204578536	1.4708879566386528E-4
1.4572281422505067	1.559776104357912E-4
1.4605627640431598	1.6512074525154742E-4
1.4638973858358129	1.752720128785543E-4
1.467232007628466	1.8475155794031605E-4
1.470566629421119	1.9431545851834008E-4
1.4739012512137721	2.0304182125063948E-4
1.4772358730064252	2.1414968823853822E-4
1.4805704947990783	1.4542719230327015E-4
1.4839051165917314	1.394833317101728E-4
1.4872397383843845	1.2751695806806495E-4
1.4905743601770376	1.2226236772005703E-4
1.4939089819696907	1.2009334203087173E-4
1.4972436037623438	1.194513472166793E-4
1.5005782255549969	1.2053789364839964E-4
1.50391284734765	1.2386091772907573E-4
1.507247469140303	1.2347674963773968E-4
1.5105820909329561	1.1647187485734304E-4
1.5139167127256092	1.1300333760602101E-4
1.5172513345182623	1.1271226117640892E-4
1.5205859563109154	1.1476589581808833E-4
1.5239205781035685	1.1632980357776527E-4
1.5272551998962216	1.1144142021833293E-4
1.5305898216888747	1.0195406946059341E-4
1.5339244434815278	8.799404736131987E-5
1.5372590652741809	6.430420648928658E-5
1.540593687066834	5.280840156544675E-5
1.543928308859487	4.800165383524053E-5
1.5472629306521402	4.588404337546493E-5
1.5505975524447932	4.4050833767157746E-5
1.5539321742374463	4.150424011780921E-5
1.5572667960300994	3.74469714794459E-5
1.5606014178227525	3.323012716877546E-5
1.5639360396154056	3.0897119703651985E-5
1.5672706614080587	2.8355092670267566E-5
1.5706052832007118	2.6818287032440706E-5
1.573939904993365	2.5777424073454637E-5
1.577274526786018	2.5078304316584806E-5
1.580609148578671	2.439244704267735E-5
1.5839437703713242	2.4024113653542522E-5
1.5872783921639773	2.3253749705204295E-5
1.5906130139566304	2.3759366248587262E-5
1.5939476357492834	2.454675380037815E-5
1.5972822575419365	2.5637857840145553E-5
1.6006168793345896	2.6835523333198787E-5
1.6039515011272427	2.8501458018654654E-5
1.6072861229198958	3.0375512598722485E-5
1.610620744712549	3.228607611743458E-5
1.613955366505202	3.427301059460287E-5
1.617289988297855	3.6344220623377026E-5
1.6206246100905082	3.8528884732923744E-5
1.6239592318831613	4.071069348993778E-5
1.6272938536758144	4.287798673289467E-5
1.6306284754684675	4.502640974541356E-5
1.6339630972611205	4.7174814945862765E-5
1.6372977190537736	4.935962048195187E-5
1.6406323408464267	5.167553334896014E-5
1.6439669626390798	5.4186744022745526E-5
1.647301584431733	5.6853540653963296E-5
1.650636206224386	5.9667457996744455E-5
1.653970828017039	6.261621309348903E-5
1.6573054498096922	6.568665019794351E-5
1.6606400716023453	6.885517384763719E-5
1.6639746933949984	7.216637990215903E-5
1.6673093151876515	7.568183561646418E-5
1.6706439369803046	7.945062299260268E-5
1.6739785587729576	8.347183320377547E-5
1.6773131805656107	8.17308089844467E-5
1.6806478023582638	7.902273861493795E-5
1.683982424150917	7.912488682223472E-5
1.68731704594357	7.851494810188609E-5
1.690651667736223	7.876578875009799E-5
1.6939862895288762	7.939485230827373E-5
1.6973209113215293	7.864756769037453E-5
1.7006555331141824	7.681431778091503E-5
1.7039901549068355	7.547205388973703E-5
1.7073247766994886	7.42108746679335E-5
1.7106593984921417	7.204955587592698E-5
1.7139940202847948	7.098976245579863E-5
1.7173286420774478	7.044838177114662E-5
1.720663263870101	7.069145476576127E-5
1.723997885662754	7.16885538439028E-5
1.7273325074554071	7.368741567483112E-5
1.7306671292480602	7.61669857923887E-5
1.7340017510407133	7.863939203360228E-5
1.7373363728333664	8.203068306486671E-5
1.7406709946260195	8.529571791818137E-5
1.7440056164186726	8.841142162444978E-5
1.7473402382113257	9.31062118312738E-5
1.7506748600039788	9.812709800429045E-5
1.7540094817966319	1.0413541502374746E-4
1.757344103589285	1.108643092021835E-4
1.760678725381938	1.1735566883318505E-4
1.7640133471745911	1.2222262301408228E-4
1.7673479689672442	1.2871324247246864E-4
1.7706825907598973	1.3706802890079122E-4
1.7740172125525504	1.459309408363497E-4
1.7773518343452035	1.544903184122181E-4
1.7806864561378566	1.6296146980932525E-4
1.7840210779305097	1.720107381113194E-4
1.7873556997231628	1.8141543649972288E-4
1.7906903215158159	1.9050864708336778E-4
1.794024943308469	1.992949941116293E-4
1.797359565101122	2.06045925427475E-4
1.8006941868937751	2.118865277712229E-4
1.8040288086864282	2.1891417453422443E-4
1.8073634304790813	2.2452672048999605E-4
1.8106980522717344	2.3025024103386804E-4
1.8140326740643875	2.3500816562317057E-4
1.8173672958570406	2.3535553901717643E-4
1.8207019176496937	2.3651529859853825E-4
1.8240365394423468	2.393048085923386E-4
1.8273711612349999	2.4375284148375517E-4
1.830705783027653	2.5055848108731285E-4
1.834040404820306	2.5739682072312186E-4
1.8373750266129592	2.6822775321445674E-4
1.8407096484056122	2.741603624633115E-4
1.8440442701982653	2.6784983178165827E-4
1.8473788919909184	2.540454757647726E-4
1.8507135137835715	2.487752450862392E-4
1.8540481355762246	2.3951073805311614E-4
1.8573827573688777	2.3220139822321362E-4
1.8607173791615308	2.3487864199244385E-4
1.8640520009541839	2.41924343368045E-4
1.867386622746837	2.390991096330244E-4
1.87072124453949	2.3236177163196326E-4
1.8740558663321432	2.2732315218043715E-4
1.8773904881247963	2.2594236604199484E-4
1.8807251099174493	2.3216742498558001E-4
1.8840597317101024	2.3937382879152854E-4
1.8873943535027555	2.4573788281908893E-4
1.8907289752954086	2.49735020949739E-4
1.8940635970880617	2.5015876140178944E-4
1.8973982188807148	2.4776243533834133E-4
1.900732840673368	2.3950043568127862E-4
1.904067462466021	2.2322809632348064E-4
1.907402084258674	2.1163887077259107E-4
1.9107367060513272	2.0612950865129685E-4
1.9140713278439803	2.0625515740624556E-4
1.9174059496366334	2.1054366501022502E-4
1.9207405714292864	2.1626454963622908E-4
1.9240751932219395	2.190897161686005E-4
1.9274098150145926	2.2601474379231617E-4
1.9307444368072457	2.3444932039019567E-4
1.9340790585998988	2.442564057270416E-4
1.937413680392552	2.5433597192765393E-4
1.940748302185205	2.5560296540746806E-4
1.944082923977858	2.5448412332503684E-4
1.9474175457705112	2.5495664382508014E-4
1.9507521675631643	2.606540741833311E-4
1.9540867893558174	2.6806556527820093E-4
1.9574214111484705	2.785217514539476E-4
1.9607560329411236	2.917882217064884E-4
1.9640906547337766	3.0779316862040995E-4
1.9674252765264297	3.182539642326483E-4
1.9707598983190828	3.219833986225495E-4
1.974094520111736	3.1246284343431025E-4
1.977429141904389	2.908855770124918E-4
1.980763763697042	2.8553451601975513E-4
1.9840983854896952	2.8237029506393427E-4
1.9874330072823483	2.690019709283024E-4
1.9907676290750014	2.4699195855541355E-4
1.9941022508676545	2.4425580763682935E-4
1.9974368726603076	2.4785741801067423E-4
2.0007714944529607	2.5134281717345303E-4
2.0041061162456137	2.634142433202797E-4
2.007440738038267	2.7660469292571297E-4
2.01077535983092	2.966894601410412E-4
2.014109981623573	3.164270297670513E-4
2.017444603416226	3.254246992851295E-4
2.020779225208879	3.148019420350044E-4
2.0241138470015323	2.858022326244255E-4
2.0274484687941854	2.777179447031843E-4
2.0307830905868385	2.7668032993129996E-4
2.0341177123794916	2.8407290944296236E-4
2.0374523341721447	2.9701205765167053E-4
2.0407869559647978	2.461107565491396E-4
2.044121577757451	2.3797495520129554E-4
2.047456199550104	2.5053162750998686E-4
2.050790821342757	2.523966840898563E-4
2.05412544313541	2.644818165532743E-4
2.057460064928063	2.7247697338331385E-4
2.0607946867207163	2.8378356561759824E-4
2.0641293085133694	2.7679192984628805E-4
2.0674639303060225	2.608633473889017E-4
2.0707985520986756	2.596426775986093E-4
2.0741331738913287	2.7053489217591063E-4
2.0774677956839818	2.7885408288583506E-4
2.080802417476635	2.899966558472901E-4
2.084137039269288	3.1217262584766394E-4
2.087471661061941	3.354167953827814E-4
2.090806282854594	3.509974195291257E-4
2.0941409046472472	3.46755298573749E-4
2.0974755264399003	3.383568358422604E-4
2.1008101482325534	3.420084457195921E-4
2.1041447700252065	3.414383385658712E-4
2.1074793918178596	3.462099985209024E-4
2.1108140136105127	3.684305165639926E-4
2.1141486354031658	3.864262277184865E-4
2.117483257195819	3.89952458599115E-4
2.120817878988472	3.782541559018203E-4
2.124152500781125	3.7732613051036086E-4
2.127487122573778	3.4222901355157235E-4
2.1308217443664312	3.008936698050972E-4
2.1341563661590843	2.6635311456091483E-4
2.1374909879517374	2.518157044127349E-4
2.1408256097443905	2.543465578560408E-4
2.1441602315370436	2.7326066378476353E-4
2.1474948533296967	2.722752775960457E-4
2.15082947512235	2.7434876262394245E-4
2.154164096915003	2.753201857252552E-4
2.157498718707656	2.6739400763458606E-4
2.160833340500309	2.670185813761673E-4
2.164167962292962	2.758021481652003E-4
2.1675025840856152	2.990292179582128E-4
2.1708372058782683	3.283010993102573E-4
2.1741718276709214	3.496799964001487E-4
2.1775064494635745	3.6740282434985874E-4
2.1808410712562276	3.747197959235925E-4
2.1841756930488807	3.629488426670315E-4
2.187510314841534	3.295878068784226E-4
2.190844936634187	2.973953701042005E-4
2.19417955842684	2.7719946621372285E-4
2.197514180219493	2.616930242507735E-4
2.200848802012146	2.587736056216302E-4
2.2041834238047993	2.741879854991237E-4
2.2075180455974523	2.908879636055065E-4
2.2108526673901054	3.085818748221527E-4
2.2141872891827585	3.2045424472602034E-4
2.2175219109754116	3.2496775448107436E-4
2.2208565327680647	3.135711073688376E-4
2.224191154560718	3.0529797839306475E-4
2.227525776353371	2.8599434514310667E-4
2.230860398146024	2.5660909902774345E-4
2.234195019938677	2.4835890186332725E-4
2.23752964173133	2.6170631075895525E-4
2.2408642635239833	2.704127656947979E-4
2.2441988853166364	2.780389690089769E-4
2.2475335071092895	2.93841175043378E-4
2.2508681289019425	3.0371360073463066E-4
2.2542027506945956	3.1269862914587475E-4
2.2575373724872487	3.0363742908489017E-4
2.260871994279902	2.9492991836717347E-4
2.264206616072555	2.959412332278886E-4
2.267541237865208	3.0471658492332843E-4
2.270875859657861	3.220270174778256E-4
2.274210481450514	3.476510327602161E-4
2.2775451032431673	3.736000318126317E-4
2.2808797250358204	3.9816910078167557E-4
2.2842143468284735	4.1940362297272006E-4
2.2875489686211266	4.14476229923289E-4
2.2908835904137796	4.2232614205551866E-4
2.2942182122064327	4.465614241598569E-4
2.297552833999086	4.887618133592874E-4
2.300887455791739	5.358927846504381E-4
2.304222077584392	5.618576181110417E-4
2.307556699377045	5.837040074436782E-4
2.310891321169698	6.012647379634184E-4
2.3142259429623513	6.205512672613222E-4
2.3175605647550044	6.161593160468143E-4
2.3208951865476575	5.914113410159103E-4
2.3242298083403106	5.844870660851251E-4
2.3275644301329637	5.780067226685207E-4
2.3308990519256167	5.675077134904616E-4
2.33423367371827	5.160899604780139E-4
2.337568295510923	4.79394719447558E-4
2.340902917303576	4.5917446060040533E-4
2.344237539096229	4.172826976623432E-4
2.347572160888882	3.9723805712288244E-4
2.3509067826815353	3.5680385133979797E-4
2.3542414044741884	3.4389451378782763E-4
2.3575760262668415	3.449900669088981E-4
2.3609106480594946	3.383588560113429E-4
2.3642452698521477	3.5109531693876066E-4
2.3675798916448008	3.6651463237887016E-4
2.370914513437454	3.8742168599528005E-4
2.374249135230107	4.014926930089308E-4
2.37758375702276	4.1252647064377507E-4
2.380918378815413	4.1896763287047636E-4
2.384253000608066	4.235832167161131E-4
2.3875876224007193	4.29158781961738E-4
2.3909222441933724	4.2794329878930614E-4
2.3942568659860255	4.3135176041079034E-4
2.3975914877786786	4.370066620968139E-4
2.4009261095713317	4.3735780170120004E-4
2.4042607313639848	4.202244832355626E-4
2.407595353156638	4.0499709448912273E-4
2.410929974949291	3.984479573598786E-4
2.414264596741944	3.934130586040922E-4
2.417599218534597	4.0828845275488423E-4
2.4209338403272502	4.28842751951187E-4
2.4242684621199033	4.6292155035562813E-4
2.4276030839125564	5.11205808858507E-4
2.4309377057052095	5.813174245314169E-4
2.4342723274978626	6.601454638839605E-4
2.4376069492905157	4.744843162971189E-4
2.440941571083169	4.6393291355807827E-4
2.444276192875822	4.1668838155479104E-4
2.447610814668475	4.1792140480561494E-4
2.450945436461128	4.382325396145367E-4
2.454280058253781	4.4704172828106075E-4
2.4576146800464342	4.467859090838423E-4
2.4609493018390873	4.488217315950614E-4
2.4642839236317404	4.5502940577824013E-4
2.4676185454243935	4.1004988692531553E-4
2.4709531672170466	3.816613471021851E-4
2.4742877890096997	3.632915152355205E-4
2.477622410802353	3.545912499411818E-4
2.480957032595006	3.287792277317803E-4
2.484291654387659	3.07814672493258E-4
2.487626276180312	3.100578110374308E-4
2.490960897972965	3.292353190628545E-4
2.4942955197656183	3.553820062701201E-4
2.4976301415582713	3.958181290212825E-4
2.5009647633509244	4.435210178838923E-4
2.5042993851435775	4.873194875520972E-4
2.5076340069362306	5.128902611008254E-4
2.5109686287288837	5.327129773936264E-4
2.514303250521537	5.580319636948491E-4
2.51763787231419	5.856030598671689E-4
2.520972494106843	6.286706368707777E-4
2.524307115899496	6.72533147318713E-4
2.527641737692149	6.83246142930608E-4
2.5309763594848023	6.307549797461802E-4
2.5343109812774554	6.585467166211798E-4
2.5376456030701084	7.291491803530523E-4
2.5409802248627615	8.059071535833323E-4
2.5443148466554146	8.417902384763018E-4
2.5476494684480677	9.021917462691445E-4
2.550984090240721	9.410145907730221E-4
2.554318712033374	0.0010321160119002857
2.557653333826027	7.478016817932346E-4
2.56098795561868	6.135175715967574E-4
2.564322577411333	5.027156038568411E-4
2.5676571992039863	4.633103906381896E-4
2.5709918209966394	4.3425490574767426E-4
2.5743264427892925	4.1512782203443634E-4
2.5776610645819455	4.0308765676085983E-4
2.5809956863745986	4.2278258047010825E-4
2.5843303081672517	4.332664031146204E-4
2.587664929959905	4.536537857115945E-4
2.590999551752558	4.627056261497962E-4
2.594334173545211	4.6489849849618893E-4
2.597668795337864	4.84644147107651E-4
2.601003417130517	5.383156112893253E-4
2.6043380389231703	6.012220809796508E-4
2.6076726607158234	6.919351525163467E-4
2.6110072825084765	5.359649808465557E-4
2.6143419043011296	4.725322783954272E-4
2.6176765260937827	4.588977450735561E-4
2.6210111478864357	4.842302787936236E-4
2.624345769679089	5.243170757337588E-4
2.627680391471742	5.3599405110091E-4
2.631015013264395	5.533187612840356E-4
2.634349635057048	5.695555645777063E-4
2.637684256849701	5.033489898980526E-4
2.6410188786423543	4.697590783209298E-4
2.6443535004350074	4.4942413251066333E-4
2.6476881222276605	4.486516941560131E-4
2.6510227440203136	4.4839624476731166E-4
2.6543573658129667	4.566721396182062E-4
2.6576919876056198	4.592768258220227E-4
2.661026609398273	4.642918590577238E-4
2.664361231190926	4.780164344027806E-4
2.667695852983579	4.901393526044274E-4
2.671030474776232	5.149786582748932E-4
2.674365096568885	4.5997153892507E-4
2.6776997183615383	4.4321955705432304E-4
2.6810343401541914	3.8959483096556486E-4
2.6843689619468445	3.2307631608848963E-4
2.6877035837394976	2.861108957119531E-4
2.6910382055321507	2.712810108708906E-4
2.6943728273248038	2.7141920951531526E-4
2.697707449117457	2.7660539636455535E-4
2.70104207091011	2.8096066195381974E-4
2.704376692702763	2.9366581209073144E-4
2.707711314495416	3.0074652308424347E-4
2.7110459362880692	2.9718509383723637E-4
2.7143805580807223	2.8412033186322577E-4
2.7177151798733754	2.7775060123684384E-4
2.7210498016660285	2.736281677589976E-4
2.7243844234586816	2.678416467624781E-4
2.7277190452513347	2.7344544220866105E-4
2.7310536670439878	2.788106419181016E-4
2.734388288836641	2.81229999061929E-4
2.737722910629294	2.9049441282291255E-4
2.741057532421947	2.956266281841597E-4
2.7443921542146	2.8234109273019486E-4
2.7477267760072532	2.6882854228444617E-4
2.7510613977999063	2.6646503234744603E-4
2.7543960195925594	2.6367720237018135E-4
2.7577306413852125	2.682994252968034E-4
2.7610652631778656	2.7998406874853117E-4
2.7643998849705187	2.772747673615731E-4
2.767734506763172	2.693636829060289E-4
2.771069128555825	2.671086297006067E-4
2.774403750348478	2.697075104390794E-4
2.777738372141131	2.7633334551014884E-4
2.781072993933784	2.813071535266158E-4
2.7844076157264372	2.8445430627276226E-4
2.7877422375190903	2.962494354462242E-4
2.7910768593117434	3.107995029553316E-4
2.7944114811043965	3.278887932503015E-4
2.7977461028970496	3.4475538088992694E-4
2.8010807246897027	3.605440024968915E-4
2.804415346482356	3.7424315075528663E-4
2.807749968275009	3.5987721504610813E-4
2.811084590067662	3.515674478029033E-4
2.814419211860315	3.565595122981598E-4
2.817753833652968	3.6744845651416743E-4
2.8210884554456213	3.906353792490334E-4
2.8244230772382743	4.18494554350421E-4
2.8277576990309274	4.482253176616906E-4
2.8310923208235805	4.7655628080406896E-4
2.8344269426162336	5.022851284556958E-4
2.8377615644088867	5.317246163913892E-4
2.84109618620154	5.620743707466136E-4
2.844430807994193	5.933473183356402E-4
2.847765429786846	6.266687581792684E-4
2.851100051579499	6.656569976117847E-4
2.854434673372152	7.144984758332128E-4
2.8577692951648053	7.674106093070881E-4
2.8611039169574584	7.857956772540039E-4
2.8644385387501115	7.960932550682916E-4
2.8677731605427645	8.120031174293655E-4
2.8711077823354176	8.320960321045418E-4
2.8744424041280707	8.311196209520809E-4
2.877777025920724	7.891112917998618E-4
2.881111647713377	6.566890755612652E-4
2.88444626950603	5.568078963934865E-4
2.887780891298683	5.100223251026686E-4
2.891115513091336	4.796188062576645E-4
2.8944501348839893	4.6262202456218897E-4
2.8977847566766424	4.767616623391152E-4
2.9011193784692955	5.304020250022406E-4
2.9044540002619486	5.704720385935192E-4
2.9077886220546016	6.132614521840032E-4
2.9111232438472547	5.676100489440812E-4
2.914457865639908	5.796500456369022E-4
2.917792487432561	5.927646493170973E-4
2.921127109225214	6.278961123124608E-4
2.924461731017867	6.762375874435126E-4
2.92779635281052	6.288874652944218E-4
2.9311309746031733	6.156744038221751E-4
2.9344655963958264	6.075379678601067E-4
2.9378002181884795	6.168077655851354E-4
2.9411348399811326	6.235533331530864E-4
2.9444694617737857	6.545751758742444E-4
2.9478040835664387	7.158229496830799E-4
2.951138705359092	5.082709843559558E-4
2.954473327151745	3.7976799309905794E-4
2.957807948944398	2.606078817171527E-4
2.961142570737051	2.3039577914301803E-4
2.964477192529704	2.042880221310084E-4
2.9678118143223573	2.025242659602668E-4
2.9711464361150104	2.0140395649822926E-4
2.9744810579076635	2.011268794667961E-4
2.9778156797003166	2.145661172401615E-4
2.9811503014929697	2.3236369578228172E-4
2.9844849232856228	2.3761944086996513E-4
2.987819545078276	2.3660107511591394E-4
2.991154166870929	2.3727623594700463E-4
2.994488788663582	2.3334224320311129E-4
2.997823410456235	2.198680584594313E-4
3.001158032248888	2.1439534161307676E-4
3.0044926540415413	2.117667368010231E-4
3.0078272758341944	2.0509853121370737E-4
3.0111618976268475	1.8746884751411318E-4
3.0144965194195006	1.702573698243046E-4
3.0178311412121537	1.4970047797943788E-4
3.0211657630048068	1.3429898174607412E-4
3.02450038479746	1.2796925273269046E-4
3.027835006590113	1.3054199102096486E-4
3.031169628382766	1.2755693186996265E-4
3.034504250175419	1.2768480573553995E-4
3.0378388719680722	1.27994072132824E-4
3.0411734937607253	1.3169094678169862E-4
3.0445081155533784	1.3707347333086225E-4
3.0478427373460315	1.4152231525307385E-4
3.0511773591386846	1.4657686383218212E-4
3.0545119809313377	1.5271262549827438E-4
3.057846602723991	1.612486370748756E-4
3.061181224516644	1.644704932205202E-4
3.064515846309297	1.636345420071618E-4
3.06785046810195	1.6564659465402758E-4
3.071185089894603	1.6965452583046992E-4
3.0745197116872562	1.76381580223496E-4
3.0778543334799093	1.8132639987244344E-4
3.0811889552725624	1.8264438772947812E-4
3.0845235770652155	1.827338080574399E-4
3.0878581988578686	1.858894920692802E-4
3.0911928206505217	1.910548429532401E-4
3.094527442443175	1.992144209882252E-4
3.097862064235828	2.121963520585832E-4
3.101196686028481	2.29120193076637E-4
3.104531307821134	2.4290081449972374E-4
3.107865929613787	2.789022586081134E-4
3.1112005514064403	3.357925936864497E-4
3.1145351731990933	4.045942262565037E-4
3.1178697949917464	4.8135240278506056E-4
3.1212044167843995	5.71806676974846E-4
3.1245390385770526	5.584958479950155E-4
3.1278736603697057	4.6868955729561455E-4
3.131208282162359	3.9012634309379683E-4
3.134542903955012	3.2004701194289086E-4
3.137877525747665	2.621712969598385E-4
3.141212147540318	2.1395449802756887E-4
3.144546769332971	1.7230959512391214E-4
3.1478813911256243	1.425361189300803E-4
3.1512160129182774	1.2543923624965886E-4
3.1545506347109304	1.1942430238195041E-4
3.1578852565035835	1.2176855163022485E-4
3.1612198782962366	1.371763475175221E-4
3.1645545000888897	1.632077284770942E-4
3.167889121881543	1.9264573276401195E-4
3.171223743674196	2.1079757744595082E-4
3.174558365466849	2.484677786814933E-4
3.177892987259502	2.961322098651939E-4
3.181227609052155	3.6623817575576873E-4
3.1845622308448083	4.4414333274989413E-4
3.1878968526374614	4.6639794666446585E-4
3.1912314744301145	2.675256607824114E-4
3.1945660962227675	2.077439479283053E-4
3.1979007180154206	1.6432857532062888E-4
3.2012353398080737	1.283994040692246E-4
3.204569961600727	1.0662869713433051E-4
3.20790458339338	9.871836137370121E-5
3.211239205186033	1.0181806782800372E-4
3.214573826978686	9.157944269058934E-5
3.217908448771339	1.0506911344365573E-4
3.2212430705639923	1.352973001518059E-4
3.2245776923566454	1.744670511579789E-4
3.2279123141492985	2.2774665861779084E-4
3.2312469359419516	2.8986792967191114E-4
3.2345815577346047	2.9150998706517104E-4
3.2379161795272577	1.6477372135766122E-4
3.241250801319911	1.2506569499342243E-4
3.244585423112564	9.942450523792125E-5
3.247920044905217	8.910176271661696E-5
3.25125466669787	8.914046048958736E-5
3.254589288490523	1.0076856528035937E-4
3.2579239102831763	1.2104163229701677E-4
3.2612585320758294	1.492200788924166E-4
3.2645931538684825	1.9009710881371498E-4
3.2679277756611356	1.2503237415148856E-4
3.2712623974537887	1.2420275309134212E-4
3.2745970192464418	8.070292552567036E-5
3.277931641039095	5.39994110388385E-5
3.281266262831748	4.370576239010275E-5
3.284600884624401	4.578352737568983E-5
3.287935506417054	5.8239808926096174E-5
3.291270128209707	8.11825440187843E-5
3.2946047500023603	1.0084887403582196E-4
3.2979393717950134	4.580549600433866E-5
3.3012739935876665	2.916952211327133E-5
3.3046086153803196	2.511492145923358E-5
3.3079432371729727	3.18449481485077E-5
3.3112778589656258	4.854004303377131E-5
3.314612480758279	3.188773827159407E-5
3.317947102550932	3.380321569222061E-5
3.321281724343585	2.213903509422834E-5
3.324616346136238	2.2743198428730772E-5
3.3279509679288912	3.376253219753694E-5
3.3312855897215443	2.9606230179302052E-5
3.3346202115141974	2.5110837023141338E-5
3.3379548333068505	1.8715691592207757E-5
3.3412894550995036	2.3659231134185567E-5
3.3446240768921567	3.851136049447043E-5
3.3479586986848098	2.2984549834852153E-5
3.351293320477463	1.761645526976996E-5
3.354627942270116	2.3615527413346354E-5
3.357962564062769	3.0334405258718064E-5
3.361297185855422	1.820691566252686E-5
3.3646318076480752	1.977202145657743E-5
3.3679664294407283	1.80914329496031E-5
3.3713010512333814	1.9129728356910015E-5
3.3746356730260345	2.0255410410716322E-5
3.3779702948186876	2.622550796627222E-5
3.3813049166113407	1.732606027422414E-5
3.384639538403994	2.0899916121782257E-5
3.387974160196647	1.8292290792863317E-5
3.3913087819893	1.7238847267639454E-5
3.394643403781953	2.017477676555174E-5
3.397978025574606	1.6222323805619655E-5
3.4013126473672592	1.9623399690757266E-5
3.4046472691599123	1.732036274896165E-5
3.4079818909525654	2.03096541575312E-5
3.4113165127452185	1.9224994764830937E-5
3.4146511345378716	2.2944391771501087E-5
3.4179857563305247	2.201383558258101E-5
3.421320378123178	2.3369790182711028E-5
3.424654999915831	2.623802663950763E-5
3.427989621708484	2.5358303033594847E-5
3.431324243501137	2.7579963060403904E-5
3.43465886529379	2.8937410501191335E-5
3.4379934870864433	3.048509628366999E-5
3.4413281088790963	3.089556227874012E-5
3.4446627306717494	3.204298408987859E-5
3.4479973524644025	3.315193026229542E-5
3.4513319742570556	3.3252842588427774E-5
3.4546665960497087	3.3385310388572835E-5
3.458001217842362	3.3392414174615334E-5
3.461335839635015	3.4106707463356284E-5
3.464670461427668	3.522073543898722E-5
3.468005083220321	3.6734490767570745E-5
3.471339705012974	3.845779275693131E-5
3.4746743268056273	3.849768925945138E-5
3.4780089485982804	3.6285686524871554E-5
3.4813435703909335	3.480540642674298E-5
3.4846781921835865	3.404883013054225E-5
3.4880128139762396	3.5186377391079614E-5
3.4913474357688927	3.631733177468107E-5
3.494682057561546	3.696799643924523E-5
3.498016679354199	3.715413540219817E-5
3.501351301146852	3.810346364030733E-5
3.504685922939505	3.854851178688066E-5
3.508020544732158	3.9610603392888025E-5
3.5113551665248113	4.089573103743222E-5
3.5146897883174644	4.216555949445335E-5
3.5180244101101175	4.3416641434953945E-5
3.5213590319027706	4.531193338523202E-5
3.5246936536954236	4.6974184523171056E-5
3.5280282754880767	4.872164960240932E-5
3.53136289728073	5.087853845996301E-5
3.534697519073383	5.2813459086685826E-5
3.538032140866036	5.510084089336396E-5
3.541366762658689	5.769114968642002E-5
3.544701384451342	6.088439564183759E-5
3.5480360062439953	6.197025570136559E-5
3.5513706280366484	6.347829970879098E-5
3.5547052498293015	6.536220730188382E-5
3.5580398716219546	6.782376533832702E-5
3.5613744934146077	7.04530839220833E-5
3.5647091152072607	7.381430746106928E-5
3.568043736999914	7.700277608882375E-5
3.571378358792567	7.955191972177159E-5
3.57471298058522	8.264447380794907E-5
3.578047602377873	8.557765339620454E-5
3.581382224170526	8.945141371901617E-5
3.5847168459631793	9.342898868814585E-5
3.5880514677558324	9.725241140384484E-5
3.5913860895484855	1.0203009494185825E-4
3.5947207113411386	1.0733083582489521E-4
3.5980553331337917	1.1326935557783384E-4
3.6013899549264448	1.1920991101252672E-4
3.604724576719098	1.2570282933984303E-4
3.608059198511751	1.3281930465012878E-4
3.611393820304404	1.4064606660289033E-4
3.614728442097057	1.451728699997504E-4
3.61806306388971	1.4969240174873396E-4
3.6213976856823633	1.5672659759993776E-4
3.6247323074750164	1.6602269821084913E-4
3.6280669292676695	1.7557440350203518E-4
3.6314015510603226	1.8636761030448804E-4
3.6347361728529757	1.982665600458597E-4
3.6380707946456288	2.1106407514850562E-4
3.641405416438282	2.24941636786622E-4
3.644740038230935	2.3802752995016508E-4
3.648074660023588	2.5185385772279954E-4
3.651409281816241	2.670180337237376E-4
3.6547439036088942	2.0181733374446457E-4
3.6580785254015473	1.7889476967640193E-4
3.6614131471942004	1.6569634367958992E-4
3.6647477689868535	1.493484721947104E-4
3.6680823907795066	1.444252304549109E-4
3.6714170125721597	1.00524929457307E-4
3.674751634364813	9.019397557604933E-5
3.678086256157466	8.587745206646027E-5
3.681420877950119	8.145273732486165E-5
3.684755499742772	7.054810045196579E-5
3.688090121535425	6.375015832784242E-5
3.6914247433280782	5.85715749717136E-5
3.6947593651207313	5.231395369902191E-5
3.6980939869133844	5.010090484345144E-5
3.7014286087060375	4.904422626827827E-5
3.7047632304986906	4.7517071479973544E-5
3.7080978522913437	4.613776829599123E-5
3.711432474083997	4.051283095406014E-5
3.71476709587665	3.743271378191139E-5
3.718101717669303	3.6966941540512634E-5
3.721436339461956	3.795084888379224E-5
3.724770961254609	3.9059606782980307E-5
3.7281055830472623	3.616024876305595E-5
3.7314402048399153	3.2825988222007004E-5
3.7347748266325684	3.1717099405752904E-5
3.7381094484252215	3.278919044740769E-5
3.7414440702178746	3.516383793915743E-5
3.7447786920105277	3.617737473488576E-5
3.748113313803181	3.666443116936368E-5
3.751447935595834	3.740310053238869E-5
3.754782557388487	3.8782620147798784E-5
3.75811717918114	4.103927069754347E-5
3.761451800973793	4.379898217510026E-5
3.7647864227664463	4.661582853391681E-5
3.7681210445590994	4.9164328160676996E-5
3.7714556663517524	5.2013830038088316E-5
3.7747902881444055	5.517960176236535E-5
3.7781249099370586	5.8751096545923735E-5
3.7814595317297117	6.240968762912362E-5
3.784794153522365	6.629364313115097E-5
3.788128775315018	7.037567163083775E-5
3.791463397107671	7.480334754710308E-5
3.794798018900324	7.965971081147431E-5
3.798132640692977	8.498399519874696E-5
3.8014672624856303	9.084029844893273E-5
3.8048018842782834	9.707576483921125E-5
3.8081365060709365	1.0363855610054562E-4
3.8114711278635895	1.1059926141890106E-4
3.8148057496562426	1.1489476213899008E-4
3.8181403714488957	1.2451613729314303E-4
3.821474993241549	1.3453497521328668E-4
3.824809615034202	1.448389647290486E-4
3.828144236826855	1.5575069930416703E-4
3.831478858619508	1.6804561614798327E-4
3.834813480412161	1.8123151955721988E-4
3.8381481022048143	1.944861974015247E-4
3.8414827239974674	2.0797512081349807E-4
3.8448173457901205	2.2119097027440213E-4
3.8481519675827736	2.3550139566328425E-4
3.8514865893754267	2.5043778584784866E-4
3.8548212111680797	2.6686989819032776E-4
3.858155832960733	2.853790204990082E-4
3.861490454753386	2.3179320653088177E-4
3.864825076546039	1.6895967573806324E-4
3.868159698338692	1.1298920731296271E-4
3.871494320131345	7.693195539775113E-5
3.8748289419239983	5.798350383217694E-5
3.8781635637166514	5.2750420983074675E-5
3.8814981855093045	4.9972640843344653E-5
3.8848328073019576	4.6603937404108215E-5
3.8881674290946107	4.30725997431504E-5
3.8915020508872638	4.098942063350728E-5
3.894836672679917	3.9543671690839834E-5
3.89817129447257	3.9010120521700334E-5
3.901505916265223	3.913127902679425E-5
3.904840538057876	4.0157966943741915E-5
3.908175159850529	4.133064469752215E-5
3.9115097816431823	4.173209423113735E-5
3.9148444034358354	4.193977004327328E-5
3.9181790252284885	4.303954092602992E-5
3.9215136470211416	4.3392294868610385E-5
3.9248482688137947	4.103703447935255E-5
3.9281828906064478	2.940821487783583E-5
3.931517512399101	2.309722508458779E-5
3.934852134191754	2.2028197121038307E-5
3.938186755984407	1.9282235018036647E-5
3.94152137777706	1.9734992865953442E-5
3.9448559995697132	2.2285023560628408E-5
3.9481906213623663	2.5998106957402493E-5
3.9515252431550194	2.7800864141064116E-5
3.9548598649476725	2.764776654653967E-5
3.9581944867403256	2.765796828138349E-5
3.9615291085329787	2.798756937383722E-5
3.9648637303256318	2.797569627447819E-5
3.968198352118285	2.7788244470415874E-5
3.971532973910938	2.7880316831564376E-5
3.974867595703591	2.7709178798151627E-5
3.978202217496244	2.7961653071607852E-5
3.9815368392888972	2.8998408378936464E-5
3.9848714610815503	3.060091182897394E-5
3.9882060828742034	3.2483246705615335E-5
3.9915407046668565	3.3518955597250574E-5
3.9948753264595096	3.454989512252595E-5
3.9982099482521627	3.632765662964858E-5
4.001544570044382	3.5854634652795296E-5
4.004879191836099	3.399831889303172E-5
4.008213813627815	3.199358240167628E-5
4.011548435419532	3.012601388498848E-5
4.014883057211248	2.7967563899807754E-5
4.018217679002965	2.5575279573939715E-5
4.021552300794681	2.4038058343795387E-5
4.024886922586398	1.9240890080401157E-5
4.028221544378114	1.2970146832682854E-5
4.031556166169831	8.195933108345838E-6
4.034890787961547	5.677924094654778E-6
4.038225409753264	4.87431097672153E-6
4.0415600315449804	4.757050167053045E-6
4.044894653336697	4.734211318861307E-6
4.0482292751284135	4.719977690889338E-6
4.05156389692013	4.800147462645055E-6
4.0548985187118465	4.814951690523238E-6
4.058233140503563	4.862123980648431E-6
4.0615677622952795	5.185777443118637E-6
4.064902384086996	5.541712845470057E-6
4.0682370058787125	5.764622371869552E-6
4.071571627670429	5.8705124870065705E-6
4.0749062494621455	5.974502084922324E-6
4.078240871253862	6.087255751968685E-6
4.0815754930455785	6.150568533361105E-6
4.084910114837295	6.1504170650017466E-6
4.0882447366290116	6.121106161099431E-6
4.091579358420728	6.1016778243729575E-6
4.094913980212445	6.114806510513355E-6
4.098248602004161	6.178004369152587E-6
4.101583223795878	6.292153639728006E-6
4.104917845587594	6.4561180444671045E-6
4.108252467379311	6.641397171176781E-6
4.111587089171027	6.82290926979215E-6
4.114921710962744	6.99524423908362E-6
4.11825633275446	7.176335454846596E-6
4.121590954546177	7.3754253192697E-6
4.124925576337893	7.592214428199081E-6
4.12826019812961	7.827363254140743E-6
4.131594819921326	8.079443698699069E-6
4.134929441713043	8.344511465892742E-6
4.138264063504759	8.615925177045712E-6
4.141598685296476	8.891941298916898E-6
4.144933307088192	9.180274729855012E-6
4.148267928879909	9.489540519723955E-6
4.151602550671625	9.82654367471807E-6
4.154937172463342	1.0206052230777077E-5
4.158271794255058	1.0575115875025656E-5
4.161606416046775	1.0940748407319267E-5
4.164941037838491	1.1333380912782988E-5
4.168275659630208	1.1801001606142586E-5
4.171610281421924	1.2312555604157852E-5
4.174944903213641	1.2598727837441838E-5
4.178279525005357	1.2170326987497731E-5
4.181614146797074	1.1873618296425506E-5
4.18494876858879	1.132438356089643E-5
4.188283390380507	1.1019738866768411E-5
4.191618012172223	1.1007999085784396E-5
4.19495263396394	1.1334934451013726E-5
4.198287255755656	1.1877906508872568E-5
4.201621877547373	1.2570271509818387E-5
4.204956499339089	1.3317923474800766E-5
4.208291121130806	1.4064928783235904E-5
4.211625742922522	1.4823070193595458E-5
4.214960364714239	1.5628206438714003E-5
4.218294986505955	1.651483829176828E-5
4.221629608297672	1.7546998564320035E-5
4.224964230089388	1.8708020960630896E-5
4.228298851881105	1.997954872279343E-5
4.231633473672821	2.127505111387948E-5
4.234968095464538	2.2303126509893862E-5
4.238302717256254	2.3069146017694906E-5
4.241637339047971	2.3890284652957482E-5
4.244971960839687	2.3814448664582855E-5
4.248306582631404	2.455291331281729E-5
4.25164120442312	2.5777668292065456E-5
4.254975826214837	2.671051460065723E-5
4.2583104480065535	2.7637264886834655E-5
4.26164506979827	2.8809109869472032E-5
4.2649796915899865	3.0240459114107804E-5
4.268314313381703	3.1535579116051475E-5
4.2716489351734195	3.291096632487138E-5
4.274983556965136	3.473102326334888E-5
4.2783181787568525	3.672420240786187E-5
4.281652800548569	3.896107589220094E-5
4.2849874223402855	4.150572839450298E-5
4.288322044132002	4.434710440272393E-5
4.2916566659237185	4.7344406189859064E-5
4.294991287715435	4.953060755494609E-5
4.2983259095071515	5.2990146207645416E-5
4.301660531298868	5.736722701467917E-5
4.304995153090585	4.40636527507788E-5
4.308329774882301	1.9659790014131464E-5
4.311664396674018	1.912755210771708E-5
4.314999018465734	2.8248762546856572E-5
4.318333640257451	1.9173124599235383E-5
4.321668262049167	2.1185414648850186E-5
4.325002883840884	2.0341046096903117E-5
4.3283375056326	8.636752118890744E-6
4.331672127424317	3.098440679764523E-6
4.335006749216033	1.6744324942393128E-6
4.33834137100775	1.537827585590914E-6
4.341675992799466	1.015986370324982E-6
4.345010614591183	6.839493699532895E-7
4.348345236382899	5.474739405854033E-7
4.351679858174616	4.245674793002674E-7
4.355014479966332	3.682975607830275E-7
4.358349101758049	3.055978076576153E-7
4.361683723549765	2.5133520121322073E-7
4.365018345341482	2.3416070276094878E-7
4.368352967133198	2.3302038417959062E-7
4.371687588924915	2.1157511530100963E-7
4.375022210716631	1.8941798266144845E-7
4.378356832508348	1.684747476247957E-7
4.381691454300064	1.4585204762481278E-7
4.385026076091781	1.222498412354999E-7
4.388360697883497	1.0652117607686205E-7
4.391695319675214	9.753078554187661E-8
4.39502994146693	9.283130399209387E-8
4.398364563258647	8.622429197627894E-8
4.401699185050363	8.001697564789046E-8
4.40503380684208	7.298877086025037E-8
4.408368428633796	6.596501008159573E-8
4.411703050425513	5.867343661172861E-8
4.415037672217229	5.251113558870317E-8
4.418372294008946	4.89331893032276E-8
4.421706915800662	4.6728808032102846E-8
4.425041537592379	4.416236318909307E-8
4.428376159384095	4.187504874805253E-8
4.431710781175812	3.9487015586281084E-8
4.435045402967528	3.674167802461304E-8
4.438380024759245	3.387212744840125E-8
4.441714646550961	3.056207722958969E-8
4.445049268342678	2.7861504623930735E-8
4.448383890134394	2.600460216613188E-8
4.451718511926111	2.3919023920658078E-8
4.455053133717827	2.2101477690811842E-8
4.458387755509544	2.066534950906739E-8
4.46172237730126	1.9006672983525525E-8
4.465056999092977	1.7654528694544223E-8
4.468391620884693	1.629354368466857E-8
4.47172624267641	1.4885833704967104E-8
4.4750608644681265	1.4062052720398961E-8
4.478395486259843	1.3127404983554765E-8
4.4817301080515595	1.2050670527785347E-8
4.485064729843276	1.1423402808154737E-8
4.4883993516349925	1.0572932364220241E-8
4.491733973426709	9.764917518813806E-9
4.4950685952184255	9.247425340540314E-9
4.498403217010142	8.419467094792646E-9
4.5017378388018585	7.840985576803903E-9
4.505072460593575	7.436220646846727E-9
4.5084070823852915	6.667832694957173E-9
4.511741704177008	6.234608656677748E-9
4.5150763259687245	5.848971762353684E-9
4.518410947760441	5.216995822522179E-9
4.521745569552158	4.988201029878406E-9
4.525080191343874	4.639222501642328E-9
4.528414813135591	4.180576111276305E-9
4.531749434927307	4.109594838436805E-9
4.535084056719024	3.7456605978492355E-9
4.53841867851074	3.3889130168548974E-9
4.541753300302457	3.3491163629198872E-9
4.545087922094173	2.961901361232293E-9
4.54842254388589	2.749569415018701E-9
4.551757165677606	2.725114611662662E-9
4.555091787469323	2.353473415942899E-9
4.558426409261039	2.2823883159641763E-9
4.561761031052756	2.2235098478811246E-9
4.565095652844472	1.8670359831675555E-9
4.568430274636189	1.8839826772215742E-9
4.571764896427905	1.761002095581044E-9
4.575099518219622	1.4715959618415584E-9
4.578434140011338	1.5644385573990962E-9
4.581768761803055	1.3877536990915876E-9
4.585103383594771	1.201693297235924E-9
4.588438005386488	1.3264271636804064E-9
4.591772627178204	1.0925701029200567E-9
4.595107248969921	1.005251366796105E-9
4.598441870761637	1.1080467268035684E-9
4.601776492553354	8.439411954950281E-10
4.60511111434507	8.619206429312712E-10
4.608445736136787	9.142769013898952E-10
4.611780357928503	6.596351440207351E-10
4.61511497972022	7.663723439277884E-10
4.618449601511936	7.412038389546859E-10
4.621784223303653	5.251586372603143E-10
4.625118845095369	6.848554096313166E-10
4.628453466887086	5.769654465584942E-10
4.631788088678802	4.3434376534659746E-10
4.635122710470519	6.119283218104566E-10
4.638457332262235	4.3659643051630834E-10
4.641791954053952	3.880579338117776E-10
4.645126575845668	5.417682176274944E-10
4.648461197637385	3.2258898553252476E-10
4.651795819429101	3.6855337831149193E-10
4.655130441220818	4.628912822823915E-10
4.658465063012534	2.368576171332285E-10
4.661799684804251	3.6513502858154643E-10
4.665134306595967	3.7890127180865044E-10
4.668468928387684	1.8503408395407445E-10
4.6718035501794	3.6701028464051913E-10
4.675138171971117	2.927280491666408E-10
4.678472793762833	1.6309096219699097E-10
4.68180741555455	3.6083494182923E-10
4.685142037346266	2.1001452954061167E-10
4.688476659137983	1.6712924253758412E-10
4.6918112809296995	3.414390401971001E-10
4.695145902721416	1.4065533708226624E-10
4.6984805245131325	1.9043268332511234E-10
4.701815146304849	3.0593438814569605E-10
4.7051497680965655	9.074866957950074E-11
4.708484389888282	2.2179655464426323E-10
4.7118190116799985	2.551421997121875E-10
4.715153633471715	6.499308005664841E-11
4.7184882552634315	2.5143014143091403E-10
4.721822877055148	1.9518503099940335E-10
4.7251574988468645	6.477837668537394E-11
4.728492120638581	2.700571135649869E-10
4.7318267424302975	1.3356117684909734E-10
4.735161364222014	8.643256922211762E-11
4.738495986013731	2.708899615922441E-10
4.741830607805447	7.9235818169337E-11
4.745165229597164	1.236682623920472E-10
4.74849985138888	2.5183586010394325E-10
4.751834473180597	4.059867678289051E-11
4.755169094972313	1.6751813680132656E-10
4.75850371676403	2.1450556715914624E-10
4.761838338555746	2.3003876224239103E-11
4.765172960347463	2.0793437225233916E-10
4.768507582139179	1.6445735994000453E-10
4.771842203930896	2.851968472661277E-11
4.775176825722612	2.3616862285031475E-10
4.778511447514329	1.1008741895506944E-10
4.781846069306045	5.5032298738424725E-11
4.785180691097762	2.4579462015188203E-10
4.788515312889478	6.060100941343269E-11
4.791849934681195	9.655046996105296E-11
4.795184556472911	2.341444771979469E-10
4.798519178264628	2.4629690807270487E-11
4.801853800056344	1.4459817105086893E-10
4.805188421848061	2.028313028482839E-10
4.808523043639777	8.391314134144275E-12
4.811857665431494	1.8951515132481556E-10
4.81519228722321	1.5720396056282382E-10
4.818526909014927	1.4426049247925841E-11
4.821861530806643	2.223471138605714E-10
4.82519615259836	1.0548210835640146E-10
4.828530774390076	4.1239287792525945E-11
4.831865396181793	2.3656183068474346E-10
4.835200017973509	5.71204880745267E-11
4.838534639765226	8.344744855508349E-11
4.841869261556942	2.2916324745798698E-10
4.845203883348659	2.0966667344722355E-11
4.848538505140375	1.3281327034346624E-10
4.851873126932092	2.0132104871499667E-10
4.855207748723808	3.651192926497007E-12
4.858542370515525	1.7982393832695166E-10
4.861876992307241	1.5812046489208221E-10
4.865211614098958	8.273956985483895E-12
4.868546235890674	2.154286194604841E-10
4.871880857682391	1.0756716594014356E-10
4.875215479474107	3.381820411100321E-11
4.878550101265824	2.3277253775168136E-10
4.88188472305754	5.910180516537919E-11
4.885219344849257	7.535452110836853E-11
4.888553966640973	2.2848137255921828E-10
4.89188858843269	2.1788819966915354E-11
4.895223210224406	1.249428439174933E-10
4.898557832016123	2.032797134881388E-10
4.9018924538078394	2.5999216024918378E-12
4.905227075599556	1.7314170948734326E-10
4.9085616973912725	1.6186661002514373E-10
4.911896319182989	5.103683996882311E-12
4.9152309409747055	2.1078924337245072E-10
4.918565562766422	1.1201613821936769E-10
4.9219001845581385	2.877726044400481E-11
4.925234806349855	2.307241860867891E-10
4.9285694281415715	6.310491176392595E-11
4.931904049933288	6.910788356651017E-11
4.9352386717250045	2.29144314879696E-10
4.938573293516721	2.4343600355278765E-11
4.9419079153084375	1.1844464117785266E-10
4.945242537100154	2.0631989028762082E-10
4.9485771588918706	3.0297104875201063E-12
4.951911780683587	1.6743878714346217E-10
4.955246402475304	1.665400754620734E-10
4.95858102426702	3.1691138711762137E-12
4.961915646058737	2.0681242174787237E-10
4.965250267850453	1.1730411837148346E-10
4.96858488964217	2.4718925445508944E-11
4.971919511433886	2.2910958334148678E-10
4.975254133225603	6.790111570693532E-11
4.978588755017319	6.359283622942448E-11
4.981923376809036	2.3010371428137838E-10
4.985257998600752	2.7654581294808848E-11
4.988592620392469	1.124340570515017E-10
4.991927242184185	2.0959704830629116E-10
4.995261863975902	4.160633068908496E-12
4.998596485767618	1.6200460244470516E-10
