0.4474464775262033
0.3124108968815333
0.22032379027844717
0.2773191016865866
0.3663087573215327
0.31407899834727493
0.3814244445371626
0.2954579263453425
0.3774320689911934
0.31606807099552414
0.35310782922913786
0.3808615591017883
0.3436810794276317
0.3607115257617135
0.3870928271343024
0.397884099646614
0.36289349734662046
0.371313061614468
0.41301243596863557
0.41453665380041116
0.3367683404644337
0.31889830941181163
0.41381723572440077
0.28057782889420047
0.3304422041926536
0.3005381254908226
0.4029785291820893
0.5057588777219202
